#
  5   736037.9628686   -129.9974   45.9605   1.44
 1040580     736004.1116798  -129.9975    45.9604    1.464
AS2A  U         45.8356         45.8356        147.8690         266.5020
CC1A  U         84.5548         84.5548       2072.5731        1950.6842
EC1A  U         44.7324         44.7324        552.4878        1536.8142
EC2A  U         48.2703         48.2703        229.5543         279.9858
EC3A  U         65.9883         65.9883        224.2070         601.6941
 1040583     736004.1127127  -129.9973    45.9605    1.414
AS1B  U         42.1368         42.1368        343.9933        1175.8407
AS2B  U         51.0821         51.0821        763.0178        1552.0451
CC1B  U        107.8670        107.8670      11821.3575       15341.1247
EC1B  U         52.6972         52.6972       2877.6119       12391.3751
EC2B  U         46.8932         46.8932       1283.9159        2289.9008
EC3B  U         50.4437         50.4437       1149.0440        3420.4926
ID1B  U         55.1625         55.1625        243.9414         458.2146
 1030027     735994.9168356  -129.9975    45.9604    1.449
AS1C  U         29.9654         29.9654        189.9876         665.7924
AS2C  U         38.0341         38.0341        433.5353         884.9777
CC1C  U         48.4683         48.4683       6756.8686        8363.2202
EC1C  U         21.6780         21.6780       1792.9832        6228.3764
EC2C  U         20.7847         20.7847        747.8058        1103.1467
EC3C  U         38.2111         38.2111        698.4197        1740.1284
ID1C  U         40.2298         40.2298        122.8397         235.8477
 1141119     736077.8313013  -129.9973    45.9605    1.458
AS1D  U         31.4948         31.4948        252.1875         796.8340
AS2D  U         39.0607         39.0607        541.4781        1248.8792
CC1D  U          1.0000          1.0000          1.0000           1.0000
EC1D  U         31.6122         31.6122       2792.3032        8268.8255
EC2D  U         28.2831         28.2831       1108.9761        1583.6640
EC3D  U         43.9091         43.9091        964.3507        2384.1395
ID1D  U          1.0000          1.0000          1.0000           1.0000
 1133476     736071.9133870  -129.9973    45.9608    1.418
AS1E  U         32.3486         32.3486         68.0673         213.2340
AS2E  U         28.2613         28.2613        137.7925         293.8022
CC1E  U         81.4817         81.4817       1529.0585        1254.8399
EC1E  U         41.8900         41.8900        806.6554        3051.7610
EC2E  U         28.7326         28.7326        311.0673         509.7710
EC3E  U         34.6576         34.6576        302.8687         731.9121
ID1E  U         22.0785         22.0785         61.3963         107.2521
 1101920     736052.7935088  -129.9973    45.9606    1.467
AS1F  U         30.4230         30.4230        366.4387        1332.5962
AS2F  U         30.3876         30.3876        895.4708        1773.7045
CC1F  U         48.3075         48.3075       8732.6186        7333.8367
EC1F  U         34.3284         34.3284       3078.8583       13022.6468
EC2F  U         26.6958         26.6958       1366.6508        2362.7686
EC3F  U         39.3330         39.3330       1268.6379        3873.1882
ID1F  U         39.3337         39.3337        215.4242         476.7780
 1045053     736009.9832032  -129.9973    45.9607    1.418
AS1G  U         73.4648         73.4648        359.0316        1228.2729
AS2G  U         64.4475         64.4475        796.7413        1715.4049
CC1G  U        259.5878        259.5878      12389.3996       12898.9845
EC1G  U         66.2778         66.2778       3381.3789       12601.1744
EC2G  U         65.0429         65.0429       1465.0189        2417.5210
EC3G  U         88.6675         88.6675       1283.1511        3364.0825
ID1G  U         64.5870         64.5870        267.3274         455.6674
 1065317     736033.5743859  -129.9974    45.9604    1.418
AS1H  U         40.6318         40.6318        457.4053        1535.9225
AS2H  U         43.5273         43.5273       1031.8008        2135.6129
CC1H  U         39.8300         39.8300      10908.5591        7796.2619
EC1H  U         30.3098         30.3098       3676.3962       15030.5649
EC2H  U         21.2204         21.2204       1633.1114        2844.0505
EC3H  U         41.8357         41.8357       1489.8165        4253.6271
ID1H  U         30.4758         30.4758        276.4196         566.6490
 1133481     736071.9156453  -129.9973    45.9603    1.427
AS1I  U        126.0724        126.0724        446.9657        1485.6126
AS2I  U        211.3481        211.3481        982.4507        2051.0732
CC1I  U        247.0153        247.0153      10245.6340        7920.2529
EC1I  U        151.8665        151.8665       3521.9661       13789.4975
EC2I  U        159.2793        159.2793       1521.9535        2508.9547
EC3I  U        181.4530        181.4530       1433.0258        4449.7733
ID1I  U          1.0000          1.0000          1.0000           1.0000
 1083839     736043.6456751  -129.9973    45.9608    1.452
AS1J  U         55.5369         55.5369       1317.3154        4334.6053
AS2J  U         53.2111         53.2111       2745.4247        6267.8056
CC1J  U          1.0000          1.0000          1.0000           1.0000
EC1J  U         54.0370         54.0370      11636.4539       47590.6622
EC2J  U         50.2338         50.2338       5240.2469        9052.6000
EC3J  U         63.6520         63.6520       4626.8637       12938.8037
ID1J  U         41.8582         41.8582        909.4770        1746.1122
 1101919     736052.7932201  -129.9973    45.9607    1.447
AS1K  U         27.7181         27.7181        272.3045         900.2492
AS2K  U         29.5001         29.5001        517.0028        1286.3541
CC1K  U          1.0000          1.0000          1.0000           1.0000
EC1K  U         22.0986         22.0986       2767.8815       10690.2077
EC2K  U         22.8711         22.8711       1141.3863        1876.8004
EC3K  U         32.6731         32.6731       1043.0539        2726.1400
ID1K  U         34.0488         34.0488        201.0692         376.1668
#
 13   736039.7600144   -129.9976   45.9648   1.53
 1038715     736002.1015882  -129.9977    45.9643    1.526
AS2A  U         57.4739         57.4739        106.6617         172.4945
CC1A  U        171.6255        171.6255        521.2283        1034.3891
EC1A  U         70.5294         70.5294        353.4681        1638.9259
EC2A  U         52.8557         52.8557        131.5075         421.9874
EC3A  U         62.9869         62.9869        149.1947         485.2419
 1057661     736025.1353189  -129.9980    45.9644    1.522
AS1B  U          1.0000          1.0000          1.0000           1.0000
AS2B  U         31.0625         31.0625        186.9186         229.7132
CC1B  U         38.0691         38.0691        460.5040         911.6373
EC1B  U         24.8250         24.8250       1041.4224        3432.0499
EC2B  U         25.3875         25.3875        300.0799         916.4140
EC3B  U         29.4628         29.4628        313.8031         963.2695
ID1B  U         32.0858         32.0858         71.4273         136.4883
 1069762     736035.4871887  -129.9979    45.9643    1.501
AS2C  U         27.2022         27.2022         89.7203         139.9612
CC1C  U         38.0128         38.0128        209.4587         512.5653
EC1C  U         18.8420         18.8420        646.8415        2175.2589
EC2C  U         22.0716         22.0716        188.2197         586.6328
EC3C  U         41.7008         41.7008        178.6950         694.5348
ID1C  U         29.4959         29.4959         48.6992          83.9291
 1141344     736077.8782760  -129.9968    45.9650    1.536
AS1D  U         41.4617         41.4617         82.0743         383.9206
AS2D  U         41.3059         41.3059        242.7365         445.8118
CC1D  U         44.2225         44.2225       1103.6516        1783.3647
EC1D  U         37.3665         37.3665       1495.2678        6124.2942
EC2D  U         47.8112         47.8112        440.9696        1667.4228
EC3D  U         42.5612         42.5612        468.8483        2015.1701
ID1D  U         36.1421         36.1421         99.7816         253.6920
 1061525     736028.9324996  -129.9976    45.9650    1.531
AS1E  U         19.3918         19.3918        100.2185         489.9618
AS2E  U         18.1370         18.1370        309.2650         678.7373
CC1E  U         19.8343         19.8343       1012.9437        1751.3720
EC1E  U         27.0411         27.0411       1983.6374        7246.8487
EC2E  U         16.7295         16.7295        547.2823        2118.5411
EC3E  U         30.9920         30.9920        633.1185        2357.3450
ID1E  U         21.3814         21.3814        109.4461         285.4395
 1069146     736035.0909922  -129.9976    45.9650    1.554
AS1F  U         29.1242         29.1242         39.7330         172.1516
AS2F  U         27.1730         27.1730        110.2427         236.7800
CC1F  U         31.6907         31.6907        328.3739         529.2112
EC1F  U         20.0637         20.0637        731.1484        2449.1091
EC2F  U         20.9640         20.9640        195.6016         734.8236
EC3F  U         28.0730         28.0730        236.9020         820.3283
 1063363     736032.6406540  -129.9977    45.9648    1.536
AS2G  U         26.8440         26.8440         78.8846         111.7279
CC1G  U         34.0750         34.0750        197.5706         336.5797
EC1G  U         29.0963         29.0963        323.9639        1278.1495
EC2G  U         19.0509         19.0509         99.3485         359.9602
EC3G  U         36.8884         36.8884        107.5358         395.0134
 1113460     736058.4428810  -129.9971    45.9649    1.517
AS1H  U         26.2229         26.2229         68.3682         251.1530
AS2H  U         44.7873         44.7873        188.2923         274.3833
CC1H  U          1.0000          1.0000          1.0000           1.0000
EC1H  U         69.0619         69.0619        966.4016        3774.3249
EC2H  U         31.8449         31.8449        278.5203        1055.3138
EC3H  U         49.6433         49.6433        312.8604        1240.5492
ID1H  U         25.2630         25.2630         76.0818         160.7013
 1077900     736039.9772359  -129.9976    45.9650    1.522
AS1I  U         32.6875         32.6875         45.8058         157.0434
AS2I  U         27.8278         27.8278        113.6927         227.4816
CC1I  U         31.9597         31.9597        339.0223         583.4194
EC1I  U         15.5437         15.5437        675.8705        2308.0145
EC2I  U         18.4179         18.4179        188.3739         691.7578
EC3I  U         28.8433         28.8433        222.7366         756.4363
 1129576     736068.4677440  -129.9975    45.9648    1.504
AS1J  U         21.5535         21.5535         45.0369         179.4290
AS2J  U         33.5092         33.5092        118.7582         200.9489
CC1J  U         34.8389         34.8389        381.7338         655.1552
EC1J  U         24.2720         24.2720        791.4159        2914.4752
EC2J  U         22.5446         22.5446        224.3044         778.4463
EC3J  U         25.3658         25.3658        231.3897         921.0518
ID1J  U         24.2504         24.2504         47.1448         121.6365
 1058165     736026.0243402  -129.9977    45.9648    1.559
AS2K  U         50.5393         50.5393         93.2046         164.4516
CC1K  U         50.9609         50.9609        221.8225         376.1262
EC1K  U         38.2715         38.2715        478.8885        1741.6992
EC2K  U         29.0222         29.0222        136.6538         510.9569
EC3K  U         42.5423         42.5423        159.6472         592.1447
 1090706     736046.9414539  -129.9979    45.9652    1.535
AS2L  U         34.5850         34.5850         58.5064          96.7301
CC1L  U         98.8290         98.8290        174.4298         265.7711
EC1L  U         32.5839         32.5839        255.6612         919.8912
EC2L  U         22.7898         22.7898         78.7032         296.5402
EC3L  U         34.3616         34.3616         88.4824         334.7493
#
 63   736051.9416722   -129.9979   45.9634   1.45
 1081865     736042.2225916  -129.9980    45.9635    1.453
AS1A  U         40.4056         40.4056         97.0491         475.9099
AS2A  U         28.2470         28.2470        130.4477         528.8523
CC1A  U         55.1718         55.1718        902.5173        2070.4459
EC1A  U         29.4825         29.4825        937.0951        5504.4095
EC2A  U         35.3212         35.3212        351.9060        1507.3274
EC3A  U         37.1342         37.1342        196.6428        3299.5358
ID1A  U         32.8307         32.8307         52.8229         301.4150
 1075417     736038.5553887  -129.9980    45.9632    1.450
AS2B  U         40.9837         40.9837         85.5236         366.1478
CC1B  U         39.0583         39.0583        586.3190        1471.7997
EC1B  U         19.0962         19.0962        797.9439        4300.1027
EC2B  U         20.1903         20.1903        293.8301        1207.9697
EC3B  U         25.1037         25.1037        171.5376        2485.3218
ID1B  U         26.7289         26.7289         42.1080         223.8236
 1139123     736076.5893048  -129.9978    45.9634    1.407
AS1C  U         34.4329         34.4329        206.4649        1420.7896
AS2C  U         22.0486         22.0486        329.9983        1350.0753
CC1C  U         38.3438         38.3438       2344.5524        6889.8152
EC1C  U         22.5872         22.5872       3300.9432       19857.6095
EC2C  U         20.8110         20.8110       1504.7651        5320.3186
EC3C  U         49.8737         49.8737        792.7981       11425.0552
ID1C  U         22.7973         22.7973        179.0013         957.5710
 1071253     736035.9333398  -129.9978    45.9634    1.463
AS1D  U          1.0000          1.0000          1.0000           1.0000
AS2D  U         27.9646         27.9646        121.0735         468.6226
CC1D  U         34.7287         34.7287       1132.4575        2578.0648
EC1D  U         23.8278         23.8278       1576.9467        7465.3464
EC2D  U         17.0499         17.0499        620.2176        2103.3112
EC3D  U         48.5944         48.5944        377.1341        3750.5092
ID1D  U         27.7109         27.7109         91.0999         345.5160
 1086067     736044.8840939  -129.9979    45.9632    1.447
AS2E  U         32.0691         32.0691        108.7592         424.7755
CC1E  U         42.7838         42.7838       1064.5061        2203.7197
EC1E  U         20.4522         20.4522       1463.6428        6523.8156
EC2E  U         20.8006         20.8006        570.1111        1793.7843
EC3E  U         35.8981         35.8981        350.2558        3164.5455
ID1E  U         33.1338         33.1338         79.6524         291.1926
 1140955     736077.7906886  -129.9979    45.9634    1.441
AS1F  U         49.0311         49.0311        113.3352         398.0019
CC1F  U        192.3745        192.3745        916.6565        2220.6734
EC1F  U        241.3028        241.3028       1128.3982        6233.8561
EC2F  U         63.8281         63.8281        441.5384        1641.1619
EC3F  U        102.3510        102.3510        266.4861        3267.5742
ID1F  U         44.2724         44.2724         81.3006         308.6428
 1108956     736055.8219782  -129.9980    45.9638    1.473
AS1G  U         31.7947         31.7947        133.8179         672.2132
AS2G  U         29.0560         29.0560        183.2856         741.3315
CC1G  U         28.8419         28.8419       1416.0314        3445.6029
EC1G  U         21.6743         21.6743       1818.5827        9351.4896
EC2G  U         19.3533         19.3533        716.0703        2568.6715
EC3G  U         27.5289         27.5289        418.5627        5179.4250
ID1G  U         29.2201         29.2201        105.0677         472.9852
 1073270     736037.0655561  -129.9980    45.9629    1.424
AS2H  U         29.9240         29.9240        102.4258         392.3581
CC1H  U         36.8001         36.8001        547.1476        1519.9109
EC1H  U         26.8840         26.8840        912.9049        4459.3016
EC2H  U         27.3746         27.3746        366.0994        1259.0877
EC3H  U         36.2162         36.2162        205.8403        2654.8773
 1088773     736045.9879698  -129.9980    45.9637    1.461
AS1I  U         27.1684         27.1684        807.0671        4362.8302
AS2I  U         27.6777         27.6777       1185.1509        5140.3568
CC1I  U         35.8361         35.8361       7775.5560       22081.8453
EC1I  U         28.6105         28.6105      11576.4407       66775.9985
EC2I  U         22.0096         22.0096       4606.3678       18498.5534
EC3I  U         31.2434         31.2434       2655.5620       38287.3981
ID1I  U         28.6354         28.6354        609.5031        3277.0770
 1091066     736047.0276635  -129.9979    45.9637    1.466
AS1J  U         21.7913         21.7913        730.1804        4275.1571
AS2J  U         29.0283         29.0283       1119.8158        4827.1146
CC1J  U         31.6094         31.6094       6573.1716       20143.8059
EC1J  U         22.8017         22.8017      10086.8645       63419.8264
EC2J  U         15.0883         15.0883       4142.5883       17339.6057
EC3J  U         26.3222         26.3222       2293.9873       36771.5639
ID1J  U         19.8111         19.8111        519.3918        3075.7132
 1083776     736043.6318278  -129.9979    45.9635    1.457
AS1K  U         24.6038         24.6038        146.5332        1009.7633
AS2K  U         28.2226         28.2226        221.6282         911.7025
CC1K  U         53.5559         53.5559       1668.8597        4279.3742
EC1K  U         24.9085         24.9085       1766.2914       12062.7575
EC2K  U         20.0105         20.0105        814.6166        3246.9485
EC3K  U         42.5802         42.5802        438.6357        6797.5700
ID1K  U         26.3486         26.3486         98.8304         583.1018
 1140948     736077.7896638  -129.9977    45.9636    1.478
AS1L  U        137.8756        137.8756        254.2012        1410.1835
AS2L  U        102.2991        102.2991        411.5402        1492.5567
CC1L  U        290.6692        290.6692       2869.9994        7666.0068
EC1L  U        242.6739        242.6739       2816.7800       20752.8683
EC2L  U         85.4128         85.4128       1373.3484        5643.5737
EC3L  U        139.8884        139.8884        812.0786       11547.5672
ID1L  U         53.1814         53.1814        177.1749         987.8554
#
103   736034.2570294   -129.9978   45.9614   1.39
 1036586     735999.4761423  -129.9978    45.9593    1.342
AS2A  U         47.0545         47.0545         96.2720         405.0512
CC1A  U         77.1118         77.1118       1178.7928        2261.7854
EC1A  U         37.0702         37.0702        246.2327        1722.3092
EC2A  U         34.0253         34.0253        153.4675         590.6867
EC3A  U         55.2950         55.2950        147.2011         996.1319
 1041189     736004.3676941  -129.9978    45.9618    1.399
AS1B  U         59.7855         59.7855        348.8335        1258.8232
AS2B  U         55.4331         55.4331        297.0264        1193.1057
CC1B  U        147.3953        147.3953       9308.1555       14221.1337
EC1B  U         40.1067         40.1067       1500.1131       18113.5763
EC2B  U         45.3756         45.3756       1122.2597        5373.8829
EC3B  U         57.4380         57.4380       1012.5272        8068.0298
ID1B  U         38.1644         38.1644        127.3723         839.0258
 1133813     736072.1116136  -129.9976    45.9621    1.403
AS1C  U         29.7193         29.7193        430.7761        1338.4568
AS2C  U         34.4043         34.4043        348.8058        1462.0304
CC1C  U         37.5090         37.5090       7621.6240        8952.3356
EC1C  U         26.6314         26.6314       2241.6783       23215.8704
EC2C  U         20.0533         20.0533       1578.6746        7149.7217
EC3C  U         31.3179         31.3179       1390.1962        9810.2497
ID1C  U         43.7518         43.7518        179.1840        1022.5040
 1040813     736004.1890017  -129.9970    45.9595    1.325
AS2D  U         40.6976         40.6976         56.3151         223.3672
CC1D  U         63.4575         63.4575        812.6272        1390.1227
EC1D  U         37.7202         37.7202        167.6247        1439.2213
EC2D  U         40.7634         40.7634         99.0559         448.1248
EC3D  U         45.9772         45.9772        110.0689         934.8530
 1046736     736012.1281296  -129.9984    45.9612    1.374
AS1E  U         35.8517         35.8517        379.4416        1153.7230
AS2E  U         34.1928         34.1928        329.9866        1267.4721
CC1E  U        152.9547        152.9547       9528.7519       16444.3469
EC1E  U         44.5687         44.5687       2207.6200       20654.5127
EC2E  U         51.1890         51.1890       1315.8060        5553.5272
EC3E  U         70.2786         70.2786        953.9358        9675.6770
ID1E  U         44.9563         44.9563        139.7363         899.0167
 1136920     736074.6370714  -129.9978    45.9622    1.402
AS1F  U         29.2382         29.2382        302.6939        1086.9480
AS2F  U         27.1910         27.1910        179.7890        1035.3357
CC1F  U         42.9657         42.9657       3982.7919        6171.1257
EC1F  U        129.5319        129.5319       1925.0546       15711.1086
EC2F  U         25.0613         25.0613       1173.6773        4769.9562
EC3F  U         41.0830         41.0830       1070.4426        7358.1007
ID1F  U         26.8815         26.8815        160.2378         743.4098
 1091488     736047.1127628  -129.9978    45.9616    1.383
AS1G  U         20.7216         20.7216         45.1215         135.7557
AS2G  U         21.2422         21.2422         30.7816         143.1132
CC1G  U         31.5933         31.5933        603.6118         724.6581
EC1G  U         16.9588         16.9588        227.3933        1806.2291
EC2G  U         15.6827         15.6827        130.6711         527.6752
EC3G  U         26.1141         26.1141        132.1715         884.8829
 1075832     736038.8252219  -129.9979    45.9621    1.442
AS1H  U         24.2536         24.2536        479.8892        1740.2976
AS2H  U         37.0070         37.0070        292.9311        1701.0415
CC1H  U         44.8719         44.8719       7035.2394        9616.0434
EC1H  U         22.8866         22.8866       2973.5802       25609.8716
EC2H  U         20.9110         20.9110       1778.1347        7703.5882
EC3H  U         33.4544         33.4544       1699.2959       12388.1372
ID1H  U         21.3238         21.3238        237.7304        1222.4131
 1096684     736049.5433011  -129.9978    45.9618    1.409
AS1I  U         58.3719         58.3719        504.8899        1890.6558
AS2I  U         49.3850         49.3850        280.0685        1834.5149
CC1I  U        141.4029        141.4029       7457.9442       10481.9755
EC1I  U         78.1889         78.1889       3120.0899       28192.3665
EC2I  U         39.2580         39.2580       1924.4837        8455.8731
EC3I  U         59.5457         59.5457       1784.3705       13444.8092
ID1I  U         40.1037         40.1037        259.1546        1307.5263
 1066942     736034.1685575  -129.9978    45.9620    1.410
AS1J  U         36.6024         36.6024        209.2764         616.6875
AS2J  U         34.8261         34.8261        124.9166         559.5446
CC1J  U         49.3868         49.3868       2319.9213        3566.1528
EC1J  U         34.5500         34.5500       1492.7258       11360.1472
EC2J  U         26.2230         26.2230        788.4345        3280.3323
EC3J  U         44.4642         44.4642        664.3072        4478.4140
ID1J  U         32.3004         32.3004        109.8741         487.2194
 1078248     736040.2678271  -129.9978    45.9619    1.406
AS1K  U         23.6504         23.6504        186.6978         617.1536
AS2K  U         34.9672         34.9672         99.3884         509.0283
CC1K  U          1.0000          1.0000          1.0000           1.0000
EC1K  U         23.5744         23.5744       1450.1545       11289.0340
EC2K  U         25.4067         25.4067        742.5506        3269.0307
EC3K  U         26.4913         26.4913        593.3110        4429.2055
ID1K  U         19.3196         19.3196        111.2663         500.9331
#
113   736027.0400305   -129.9991   45.9694   1.84
 1091132     736047.0416022  -129.9991    45.9695    1.935
AS1A  U         38.0376         38.0376         90.8892         272.6166
AS2A  U         20.3022         20.3022        173.5018         593.5741
CC1A  U         45.4649         45.4649        313.4916        1127.2794
EC1A  U         47.9828         47.9828        646.9846        2252.6507
EC2A  U         16.8588         16.8588        274.5995         676.0230
EC3A  U         30.2171         30.2171        228.9209         857.1368
 1043542     736008.2161717  -129.9996    45.9694    1.792
AS1B  U         42.9958         42.9958         95.5055         308.1561
AS2B  U         47.4338         47.4338        218.6899         631.6426
CC1B  U         46.6476         46.6476        429.6892        1813.3429
EC1B  U         31.3172         31.3172        475.9194        2255.2781
EC2B  U         22.8469         22.8469        315.4447         642.2244
EC3B  U         42.9918         42.9918        189.7809         984.5076
ID1B  U         32.9095         32.9095         60.1646         177.7634
 1092116     736047.2983873  -129.9995    45.9695    1.850
AS1C  U          1.0000          1.0000          1.0000           1.0000
AS2C  U         21.9375         21.9375        544.0749        1399.1359
CC1C  U         25.2891         25.2891        790.2853        2255.8086
EC1C  U         24.2265         24.2265       1057.8274        4242.5605
EC2C  U         16.3764         16.3764        688.2943        1154.3357
EC3C  U         19.5402         19.5402        411.2347        1792.5362
ID1C  U         19.6358         19.6358         79.6620         298.0895
 1091129     736047.0407503  -129.9994    45.9692    1.727
AS1D  U         23.9190         23.9190         60.6827         150.6616
AS2D  U         19.0886         19.0886        121.5066         325.7171
CC1D  U         39.8004         39.8004        200.0566         592.2366
EC1D  U         21.5705         21.5705        267.7725        1100.2758
EC2D  U         23.2299         23.2299        134.6615         362.0155
EC3D  U         82.1548         82.1548        150.0045         479.9771
 1061937     736031.5628811  -129.9991    45.9695    1.788
AS1E  U          1.0000          1.0000          1.0000           1.0000
AS2E  U         32.9878         32.9878        143.4397         378.9831
CC1E  U         37.2934         37.2934        265.9001         786.1875
EC1E  U         36.9567         36.9567        400.6879        1750.1588
EC2E  U         27.5107         27.5107        160.7664         552.3090
EC3E  U         46.5303         46.5303        180.2930         713.0829
 1110738     736057.0543748  -129.9995    45.9691    1.822
AS1F  U         38.9296         38.9296         88.4357         235.2174
AS2F  U         22.7471         22.7471        186.9646         494.2278
CC1F  U         24.2300         24.2300        361.5997         962.0123
EC1F  U         29.9570         29.9570        391.2776        1592.6850
EC2F  U         15.5843         15.5843        220.0157         569.8350
EC3F  U         29.6385         29.6385        189.9106         753.6369
 1030174     735994.9654431  -129.9988    45.9693    1.860
AS2G  U         38.6817         38.6817         78.0917         220.1678
CC1G  U         84.0663         84.0663        226.2440         700.4325
EC1G  U         34.7620         34.7620        104.2903         685.5248
EC2G  U         29.9301         29.9301         68.4547         185.9084
EC3G  U         36.6897         36.6897         77.1105         263.7896
 1060834     736028.4305726  -129.9987    45.9693    1.889
AS1H  U         17.7401         17.7401         32.6057          99.5078
AS2H  U         29.3466         29.3466         43.4100         164.6299
CC1H  U          1.0000          1.0000          1.0000           1.0000
EC1H  U         14.2627         14.2627        115.6440         633.8349
EC2H  U         11.6485         11.6485         63.7749         185.8950
EC3H  U         26.0949         26.0949         67.7910         196.6059
 1036185     735999.1123868  -129.9983    45.9694    1.846
AS2I  U         34.4798         34.4798         51.8557         105.0387
CC1I  U         38.4395         38.4395         89.6610         349.7858
EC1I  U         25.7838         25.7838        156.4190         809.2745
EC2I  U         20.3650         20.3650         65.5910         192.8673
EC3I  U         36.3298         36.3298         77.9004         251.5684
 1110746     736057.0560726  -129.9986    45.9694    1.863
AS2J  U         52.7198         52.7198         77.3494         216.9822
CC1J  U        108.7442        108.7442        134.0480         406.9977
EC1J  U         45.7186         45.7186        187.1144         792.8748
EC2J  U         45.7071         45.7071        109.5723         254.5972
EC3J  U         82.5820         82.5820        136.4480         329.0755
 1039828     736003.3497061  -129.9993    45.9694    1.832
AS2K  U         96.8552         96.8552        237.7173         623.2873
CC1K  U        389.2526        389.2526        583.3088        2200.9952
EC1K  U        212.7118        212.7118        520.9554        2073.6605
EC2K  U        105.3262        105.3262        282.4281         694.9428
EC3K  U        189.5681        189.5681        313.2293         890.2217
 1039832     736003.3520179  -129.9993    45.9693    1.834
AS2L  U         28.1408         28.1408        105.4518         333.6711
CC1L  U         49.2076         49.2076        280.5606        1051.9183
EC1L  U         26.5526         26.5526        261.0589        1047.5595
EC2L  U         25.6989         25.6989        135.3216         364.1229
EC3L  U         30.5554         30.5554        126.3441         434.2572
#
257   736039.3013468   -129.9972   45.9679   1.70
 1115428     736059.6591612  -129.9945    45.9697    1.709
AS1A  D         26.4010         26.4010         32.4216          82.4547
AS2A  U          1.0000          1.0000          1.0000           1.0000
CC1A  U         34.1275         34.1275        152.9930         211.7700
EC1A  U         21.9394         21.9394        111.5397         625.5874
EC2A  U         22.8028         22.8028         55.3874         176.5773
 1040707     736004.1610372  -129.9972    45.9673    1.660
AS1B  D         65.5151         65.5151         64.6321         198.2360
AS2B  U         39.6830         39.6830        161.5061         237.2812
CC1B  U         52.3227         52.3227        498.1482        1213.6181
EC1B  U         49.1064         49.1064        281.9958        1962.2565
EC2B  U         39.7039         39.7039        135.4883         488.4504
EC3B  U         42.4364         42.4364        127.3588         696.0428
 1064374     736032.9381197  -129.9974    45.9674    1.653
AS2C  U         40.2744         40.2744        102.1195         147.6685
CC1C  U         80.6076         80.6076        253.0709         334.6760
EC1C  U         40.3225         40.3225        220.4711        1294.6072
EC2C  U         32.0868         32.0868        114.5955         311.2784
EC3C  U         63.1207         63.1207        124.3415         454.7063
 1140269     736077.6356017  -129.9972    45.9674    1.688
AS1D  D         36.0779         36.0779         62.4525         157.6010
AS2D  U         30.6491         30.6491        140.0685         209.2534
CC1D  U         41.3210         41.3210        319.7219         499.3575
EC1D  U         26.8479         26.8479        304.1503        1792.7456
EC2D  U         25.5100         25.5100        143.8683         422.8203
EC3D  U         37.1874         37.1874        147.5493         592.8766
 1087182     736045.3183499  -129.9975    45.9673    1.698
AS2E  U         32.9445         32.9445         87.5246         150.6688
CC1E  U         36.6687         36.6687        236.5907         452.6008
EC1E  U         27.1392         27.1392        203.3541        1169.7768
EC2E  U         19.1625         19.1625         89.9217         279.6173
EC3E  U         36.8792         36.8792         98.2750         394.4828
 1091532     736047.1242175  -129.9984    45.9671    1.674
AS2F  U         22.5963         22.5963         30.6940          57.8440
CC1F  U         17.6720         17.6720         67.0558         115.0363
EC1F  U         14.5974         14.5974         70.4368         353.8816
EC2F  U         15.2204         15.2204         28.9438          89.7719
EC3F  U         17.6664         17.6664         30.8520         111.1386
 1066731     736033.9578239  -129.9973    45.9676    1.622
AS2G  U         26.1291         26.1291         88.5324         121.8836
CC1G  U         35.2020         35.2020        128.4079         398.5322
EC1G  U         30.1740         30.1740        321.3654        1712.0903
EC2G  U         25.3256         25.3256        119.4538         459.0683
EC3G  U         33.4783         33.4783         94.2797         589.9523
 1131475     736070.0063950  -129.9972    45.9670    1.639
AS1H  D         70.3160         70.3160        125.9164         367.1002
AS2H  U         34.1269         34.1269        287.2359         446.2915
CC1H  U         54.0765         54.0765        466.8779        1329.5909
EC2H  U         43.5236         43.5236        349.8352        1612.6399
ID1H  U         41.4449         41.4449         96.5970         217.7991
 1083945     736043.6799657  -129.9976    45.9686    1.786
AS1I  D          1.0000          1.0000          1.0000           1.0000
AS2I  U         25.3595         25.3595        106.8048         148.1261
CC1I  U         40.2966         40.2966        172.6147         374.1893
EC1I  U         31.7069         31.7069        119.1220        1046.1937
EC2I  U         16.9451         16.9451         49.7482         250.4633
EC3I  U         28.2737         28.2737         67.4174         365.9514
 1114651     736059.1434516  -129.9971    45.9684    1.731
AS1J  D          1.0000          1.0000          1.0000           1.0000
AS2J  U         22.9944         22.9944        127.3596         158.2455
CC1J  U         26.8825         26.8825        185.9310         414.3554
EC1J  U         15.8781         15.8781        117.3392        1118.9006
EC2J  U         19.7134         19.7134         46.0004         274.5092
EC3J  U         32.8175         32.8175         67.9213         400.8230
 1032109     735995.9712417  -129.9974    45.9684    1.716
AS2K  U         36.0555         36.0555         87.2296          95.0234
CC1K  U         40.4958         40.4958        179.7973         481.8125
EC1K  U         24.5966         24.5966         69.4708         675.3275
EC2K  U         24.4752         24.4752         40.3053         167.7871
EC3K  U         37.5427         37.5427         48.8224         253.9202
 1038520     736002.0207963  -129.9976    45.9689    1.800
AS2L  U         35.4572         35.4572        106.4286         130.0663
CC1L  U        103.0634        103.0634        222.7825         634.8948
EC1L  U         35.3624         35.3624        101.2578         916.3737
EC2L  U         39.5761         39.5761         53.8390         219.9502
EC3L  U         49.3077         49.3077         72.1703         319.8942
#
260   736045.4653426   -129.9964   45.9647   1.53
 1062895     736032.2205204  -129.9958    45.9638    1.544
AS2A  U         17.1356         17.1356         74.8203         120.0519
CC1A  U         49.2655         49.2655        796.3995         989.2254
EC1A  U         96.9273         96.9273        552.5451        3620.5698
EC2A  U         29.4115         29.4115        202.2227        1022.4058
EC3A  U         29.9562         29.9562        252.4058        1313.2519
ID1A  U         25.2743         25.2743         46.1535         147.0379
 1113570     736058.4872149  -129.9956    45.9636    1.504
AS2B  U         24.5394         24.5394         73.2968         151.8116
CC1B  U         27.8336         27.8336        718.0066        1146.0372
EC1B  U         27.4077         27.4077        612.4219        4253.0340
EC2B  U         15.5714         15.5714        281.3141        1236.1251
EC3B  U         33.9402         33.9402        293.4380        1537.0334
 1062905     736032.2250436  -129.9955    45.9639    1.579
AS1C  U         21.9384         21.9384        451.5596        2212.8328
AS2C  U         34.0577         34.0577        706.5542        1373.4985
CC1C  U         39.8235         39.8235       6842.6382       10079.0065
EC1C  U         28.7655         28.7655       4465.8326       48661.7863
EC2C  U         21.9527         21.9527       2525.1553       13852.7014
EC3C  U         26.9579         26.9579       2505.0210       17935.8025
ID1C  U         21.6199         21.6199        456.6156        1929.8311
 1056277     736023.9214914  -129.9954    45.9654    1.551
AS1D  U         33.1690         33.1690         54.5851         227.0239
AS2D  U         33.3003         33.3003         84.5746         248.5661
CC1D  U         52.9802         52.9802       1067.7759        2622.7563
EC1D  U         33.9343         33.9343        359.6102        3586.0760
EC2D  U         30.4393         30.4393        197.3125        1019.0878
EC3D  U         43.5009         43.5009        237.8398        1497.0688
ID1D  U         29.2438         29.2438         53.3429         179.3416
 1126602     736065.8036903  -129.9956    45.9652    1.561
AS1E  U         25.5017         25.5017         56.9797         309.5774
AS2E  U         38.8998         38.8998        107.3348         345.4692
CC1E  U         46.9318         46.9318        965.2628        1674.1852
EC1E  U         35.1057         35.1057        596.1983        5071.7717
EC2E  U         26.4953         26.4953        296.4018        1543.1359
EC3E  U         43.1512         43.1512        324.7832        1969.0536
ID1E  U         27.0013         27.0013         73.3095         251.4912
 1077354     736039.8303242  -129.9985    45.9651    1.506
AS1F  U         22.4732         22.4732         77.3538         395.1489
AS2F  U         21.2247         21.2247        289.6037         588.8887
CC1F  U         43.6440         43.6440        840.5148        1799.0547
EC1F  U         25.2786         25.2786        983.6250        8128.8543
EC2F  U         18.9013         18.9013        432.4041        2284.3978
EC3F  U         31.3032         31.3032        322.2326        2754.4522
ID1F  U         32.8844         32.8844         75.4763         323.7154
 1113584     736058.4976461  -129.9955    45.9640    1.541
AS1G  U         28.0073         28.0073        137.2777         556.8394
AS2G  U         28.9689         28.9689        218.2224         423.5181
CC1G  U         43.1561         43.1561       2360.3919        3053.0314
EC1G  U         29.0887         29.0887       1285.5748       12736.4768
EC2G  U         25.6234         25.6234        692.0638        3509.3843
EC3G  U         29.2932         29.2932        739.9472        4580.4360
ID1G  U         38.5271         38.5271        185.1145         488.7232
 1129555     736068.4491115  -129.9968    45.9645    1.524
AS1H  U          1.0000          1.0000          1.0000           1.0000
AS2H  U         21.0239         21.0239        112.9607         250.7060
CC1H  U         35.4928         35.4928        542.0715         979.0816
EC1H  U         51.6224         51.6224        596.6834        5315.5199
EC2H  U         30.0900         30.0900        210.2903        1189.3619
EC3H  U         32.2237         32.2237        198.6736        1552.3932
ID1H  U         48.8401         48.8401         57.1570         165.5743
 1061515     736028.9227541  -129.9977    45.9646    1.481
AS1I  U         26.7524         26.7524         67.2593         232.5989
AS2I  U         22.3817         22.3817        111.0088         338.3703
CC1I  U         29.4296         29.4296        416.3903         835.8155
EC1I  U         19.0874         19.0874        796.7678        4174.3528
EC2I  U         16.0927         16.0927        273.8306        1192.6252
EC3I  U         25.1399         25.1399        205.4507        1560.5353
ID1I  U         20.7179         20.7179         49.2707         180.0594
 1085881     736044.7037442  -129.9966    45.9662    1.520
AS2J  U         17.8826         17.8826         63.7058         185.2037
CC1J  U         41.2169         41.2169        235.3057         441.0261
EC1J  U         31.7571         31.7571        308.4954        1964.4410
EC2J  U         22.7321         22.7321        111.3192         518.4042
EC3J  U         23.9404         23.9404        107.0396         667.9933
 1091182     736047.0572277  -129.9976    45.9655    1.497
AS2K  U         36.8572         36.8572         83.0678         201.0362
CC1K  U         32.1530         32.1530        292.3450         601.1391
EC1K  U         23.1687         23.1687        302.3753        2066.6553
EC2K  U         19.5706         19.5706        118.7053         574.6973
EC3K  U         29.4612         29.4612         98.2419         723.1005
ID1K  U         19.6854         19.6854         29.3840          88.3184
#
292   736026.7698856   -129.9991   45.9708   1.65
 1039222     736002.3765244  -129.9991    45.9714    1.502
AS1A  U         47.4159         47.4159         90.8854         256.6018
AS2A  D         35.8829         35.8829        177.1631         374.2090
CC1A  U        114.6469        114.6469        173.9867        1032.1261
EC1A  U         31.2365         31.2365        101.7514        1013.8579
EC2A  U         26.5254         26.5254         71.0948         244.7187
EC3A  U         59.0643         59.0643         72.4854         361.1913
 1120496     736061.6167430  -129.9995    45.9727    1.629
AS1B  U         36.5995         36.5995         99.7334         322.3120
AS2B  D         26.8795         26.8795        249.0390         392.5696
CC1B  U         48.8573         48.8573        179.3950         621.7808
EC1B  U         25.8343         25.8343        114.1954        1143.8799
EC2B  U         39.0423         39.0423         82.4303         343.2180
 1129500     736068.3393217  -129.9967    45.9675    1.640
AS2C  D         31.7213         31.7213        203.5267         369.2982
CC1C  U          1.0000          1.0000          1.0000           1.0000
EC1C  U         63.2577         63.2577        265.8659        2832.5809
EC2C  U         45.6997         45.6997        171.2002         636.5585
EC3C  U         62.8024         62.8024        140.8896        1114.8036
 1032700     735996.2337691  -129.9990    45.9727    1.639
AS1D  U         39.5957         39.5957        213.1759         836.0580
AS2D  D         32.8417         32.8417        580.1657        1203.9573
CC1D  U         47.0639         47.0639        665.8268        3835.6980
EC1D  U         25.9835         25.9835        423.2831        3541.8492
EC2D  U         24.0229         24.0229        244.7093         913.7421
EC3D  U         39.7688         39.7688        164.8809        1253.8783
ID1D  D          1.0000          1.0000          1.0000           1.0000
 1043337     736007.8863766  -129.9995    45.9735    1.739
AS1E  U         39.0189         39.0189        323.2116        1134.0630
AS2E  D         37.8134         37.8134        878.1043        1566.1952
CC1E  U         71.6996         71.6996        840.3523        4252.4732
EC1E  U         43.5175         43.5175        600.9998        5151.8361
EC2E  U         34.4613         34.4613        295.4406        1138.8468
EC3E  U         52.9771         52.9771        225.5659        1834.9718
ID1E  D          1.0000          1.0000          1.0000           1.0000
 1140261     736077.6330810  -129.9984    45.9717    1.690
AS1F  U         27.4542         27.4542        174.3428         532.2890
AS2F  D         21.8013         21.8013        415.8128         816.0769
CC1F  U         32.1101         32.1101        322.1196        1221.5077
EC1F  U         25.9758         25.9758        293.9998        2668.1296
EC2F  U         20.5634         20.5634        138.6644         630.6969
EC3F  U         33.1939         33.1939         98.6437        1026.6950
 1104226     736053.9244490  -130.0012    45.9704    1.657
AS1G  U         41.9710         41.9710        158.9485         503.0369
AS2G  D         38.8612         38.8612        448.7504         695.9424
CC1G  U         69.4430         69.4430        317.6943        1137.8143
EC1G  U         52.6335         52.6335        268.3915        1960.6487
EC2G  U         29.7482         29.7482        101.7645         463.1950
EC3G  U         40.1669         40.1669        109.6444         672.2685
ID1G  D          1.0000          1.0000          1.0000           1.0000
 1121343     736062.2675673  -129.9996    45.9689    1.617
AS1H  U         24.5949         24.5949         82.1326         272.6242
AS2H  D         22.5610         22.5610        141.5478         286.7167
CC1H  U          1.0000          1.0000          1.0000           1.0000
EC1H  U         16.4370         16.4370        328.7245        2404.8634
EC2H  U         14.7382         14.7382        126.8201         545.6451
EC3H  U         31.3622         31.3622        153.6371         811.3426
 1027074     735992.1202702  -130.0002    45.9691    1.679
AS1I  U         38.5755         38.5755        110.6891         265.0294
AS2I  D         20.4511         20.4511        176.8239         273.6293
CC1I  U         56.7555         56.7555        176.4166         848.8609
EC1I  U         43.2184         43.2184        213.5018        1912.8190
EC2I  U         36.2830         36.2830         95.2023         429.3575
EC3I  U         31.0237         31.0237        127.4839         823.5657
 1036211     735999.1194766  -129.9995    45.9685    1.649
AS1J  U         27.6397         27.6397         58.8452         132.8162
AS2J  D         24.7376         24.7376        100.9465         147.0309
CC1J  U         45.8681         45.8681        124.1434         442.1625
EC1J  U         26.4176         26.4176         92.2533        1083.2294
EC2J  U         24.4615         24.4615         46.3009         233.6491
EC3J  U         32.4977         32.4977         62.4089         377.7444
 1033433     735997.0781268  -129.9974    45.9718    1.651
AS1K  U         30.4132         30.4132         96.5300         329.8760
AS2K  D         34.6125         34.6125        253.0092         462.8686
CC1K  U         60.0305         60.0305        215.1251         986.8073
EC1K  U         29.2120         29.2120        203.2915        1873.3546
EC2K  U         23.8114         23.8114         73.4202         413.4062
EC3K  U         30.7435         30.7435         81.3278         647.8909
 1039434     736002.6429217  -129.9985    45.9716    1.695
AS1L  U         53.7357         53.7357        179.7404         578.6761
AS2L  D         57.7686         57.7686        435.3567         844.6951
CC1L  U        209.1766        209.1766        419.1475        2382.5296
EC1L  U         78.7177         78.7177        283.9580        2468.1144
EC2L  U         37.2186         37.2186        139.7829         641.9675
EC3L  U         76.4414         76.4414        136.1852        1069.9050
ID1L  D          1.0000          1.0000          1.0000           1.0000
*
