#
100   736053.8127005   -129.9805   45.9374   1.44
 1130735     736068.9813870  -129.9805    45.9374    1.423
AS1A  U         31.9124         28.5550        315.2567         521.7074
AS2A  U         25.1742         28.7293        208.6293         138.6218
CC1A  U          1.0000          1.0000          1.0000           1.0000
EC1A  D         22.5166         32.0937        164.6494         923.1363
EC2A  D         23.4295         37.6835        241.6620         466.1419
EC3A  D         43.4642        114.4826       1526.5990        8115.3169
ID1A  U         48.7255         37.9052        266.1473         365.3229
 1130741     736068.9824352  -129.9805    45.9373    1.432
AS1B  U         36.8093         81.3782        270.1687        1025.0408
AS2B  U         33.5756         28.5997        383.4030         278.0402
CC1B  U          1.0000          1.0000          1.0000           1.0000
EC1B  D         37.0620         50.0581        304.0079        1840.0530
EC2B  D         35.7131         83.1212        290.1455         811.7087
EC3B  D         41.4131        155.4834       2964.4284       15636.2685
ID1B  U         56.4239         54.1442        581.9240         700.5919
 1094906     736048.6105218  -129.9805    45.9373    1.438
AS1C  U         29.0153         32.9384        234.7295         830.9998
AS2C  U         31.6662         29.5485        324.8833         243.1475
CC1C  U          1.0000          1.0000          1.0000           1.0000
EC1C  D         38.9610         32.8530        244.3198        1410.2566
EC2C  D         29.0534         29.1529        230.6521         762.8820
EC3C  D         48.5914         42.5965       2471.8148       13107.8599
ID1C  U         40.6415         32.5701        406.9231         581.0769
 1131041     736069.1099034  -129.9805    45.9373    1.428
AS1D  U         35.7883         36.3528        471.5983        1740.8608
AS2D  U         39.3653         37.6880        628.6977         478.2199
CC1D  U          1.0000          1.0000          1.0000           1.0000
EC1D  D         33.7371         43.3718        494.8867        3159.7477
EC2D  D         39.4331         54.2293        486.2792        1615.4195
EC3D  D         25.2087         84.8053       5125.6124       27225.6724
ID1D  U         55.7957         33.1557        907.4034        1249.6091
 1034933     735998.0818806  -129.9805    45.9375    1.454
AS1E  U         36.8518         35.8193        161.6810         482.2960
CC1E  U         32.3306         56.1786         69.8107         197.0382
EC1E  D         22.1769         26.3351        128.8036         746.5537
EC2E  D         28.7594         28.5214        107.9508         359.4253
EC3E  D         37.8703         46.2378       1277.2976        6627.0076
ID1E  U         49.5220         35.2198        224.3199         326.4180
 1131042     736069.1100750  -129.9803    45.9376    1.441
AS1F  U         33.5520         36.0582        411.8360        1498.9186
AS2F  U         25.1669         32.7332        542.8318         405.9838
CC1F  U          1.0000          1.0000          1.0000           1.0000
EC1F  D         31.1984         25.8187        421.2156        2619.9465
EC2F  D         41.3891         23.6039        363.5145        1187.7711
EC3F  D         25.0096         54.5087       4332.9978       22395.6928
ID1F  U         29.9281         26.8820        711.4774        1027.3422
#
101   736035.6725597   -129.9784   45.9338   1.49
 1049723     736016.1435290  -129.9786    45.9339    1.487
AS1A  U         28.0864         27.0912        200.4213         571.5661
AS2A  U         37.0844         33.9770        226.1572         118.7601
EC1A  D         26.2532         38.3339        195.1600         962.7844
EC2A  D         25.2212         24.1550        347.9862        1479.2407
EC3A  D         29.3965         50.4848       1417.6642        9036.5568
ID1A  U         31.7097         31.0064        664.1043         827.5957
 1067565     736034.6065783  -129.9778    45.9330    1.511
AS1B  U         45.5683         56.9282        315.2534         943.5408
AS2B  U         33.0811         42.8887        336.6083         200.0514
CC1B  D          1.0000          1.0000          1.0000           1.0000
EC1B  D         29.7953         53.8574        273.3948        1433.7644
EC2B  D         37.3133         61.3349        468.8692        2552.8816
EC3B  D         90.6945        326.8475       2380.4859       14407.4923
ID1B  U         66.8892         58.2795       1113.3260        1319.1150
 1088183     736045.6916503  -129.9785    45.9340    1.488
AS1C  U         81.3044        128.9955       1032.7653        3110.7107
AS2C  U         54.8202         69.8571        824.4703         664.5294
CC1C  D          1.0000          1.0000          1.0000           1.0000
EC1C  D         92.8477        196.7092        932.3221        4943.7963
EC2C  D        134.6731        182.4869       1579.7299        6754.5119
EC3C  D        170.0335        444.9913       7174.1863       42754.9899
ID1C  U         70.2362         88.5750       3498.2763        4354.7573
 1077190     736039.7478852  -129.9784    45.9340    1.497
AS1D  U         73.8653         35.0581        699.7890        1889.6993
AS2D  U         43.4513         42.1405        513.8822         417.5821
CC1D  D          1.0000          1.0000          1.0000           1.0000
EC1D  D         43.3137         54.1225        594.8303        3043.2035
EC2D  D         79.0720        113.1035       1088.0217        4596.0072
EC3D  D        157.6351        880.8698       4502.5742       27682.5981
ID1D  U         99.6846        107.6943       2162.9386        2557.7029
 1057302     736024.9370069  -129.9787    45.9339    1.474
AS1E  U         58.5279         77.4513        626.4042        1794.7025
AS2E  U         41.3885         37.6994        546.2663         406.2762
CC1E  D          1.0000          1.0000          1.0000           1.0000
EC1E  D         22.5497         64.2934        657.0884        2727.3584
EC2E  D         43.5803         78.2889       1098.5507        4424.6833
EC3E  D         80.1441        316.6363       4857.0446       27011.6903
ID1E  U         52.0123         48.6126       2068.7219        2476.4074
 1102327     736052.9087088  -129.9786    45.9340    1.479
AS1F  U         34.8996         24.3713        278.2440         729.6282
AS2F  U         31.0502         28.5476        225.6174         167.5613
CC1F  D          1.0000          1.0000          1.0000           1.0000
EC1F  D         33.5186         20.2375        281.8936        1266.5370
EC2F  D         28.0743         31.0884        467.8127        1878.0160
EC3F  D         34.6022         76.8011       2248.0857       11388.0126
ID1F  U         46.2688         22.8004        840.2275        1013.9191
#
102   736046.9054907   -129.9892   45.9423   0.53
 1030553     735995.0424835  -129.9895    45.9425    0.522
AS1A  U         70.8953         71.7007        376.1789        1256.6228
AS2A  D        118.5020        146.2987        545.8451         624.1426
CC1A  U         79.2897        153.8814        551.8364         618.2459
EC1A  D         68.8622        117.6276        721.4692        3546.6124
EC2A  D         89.0814         92.6176        618.0687        3021.3186
EC3A  D         87.9197        142.2272        950.9105        5807.2701
 1072561     736036.8058956  -129.9898    45.9424    0.514
AS1B  U         37.8766         29.3245        215.1900         800.0939
AS2B  D         22.2521         37.3272        296.4107         328.5661
CC1B  U          1.0000          1.0000          1.0000           1.0000
EC1B  D         22.1251         22.6182        411.9840        1710.8736
EC2B  D         23.2704         26.5896        409.5605        1637.7741
EC3B  D         25.2791         48.1899        597.5619        2806.6040
ID1B  U         36.7670         33.5576        163.2731         202.0503
 1119023     736061.1247842  -129.9893    45.9422    0.531
AS1C  U         30.2979         33.6569        251.7609         683.2604
AS2C  D         28.8538         30.0710        254.0174         283.6915
CC1C  U          1.0000          1.0000          1.0000           1.0000
EC1C  D         42.6821         44.7845        288.6096        1804.4615
EC2C  D         27.2185         61.7786        313.6261        1475.5495
EC3C  D         30.8932         95.8160        480.9625        2633.9854
ID1C  U         30.3523         25.7272        173.6914         176.1235
 1100864     736051.9393051  -129.9885    45.9424    0.530
AS1D  U         36.2949         33.0739        107.3237         321.8971
AS2D  D         51.8391         48.0255        129.1400         145.6006
CC1D  U         51.1931         50.0804        124.9425          72.2955
EC1D  D         34.2300         44.3157        108.3337         713.8790
EC2D  D         26.1303         33.9037        178.2583         777.6073
EC3D  D         31.1094         49.4925        303.0284        1471.7328
 1119104     736061.1439858  -129.9892    45.9421    0.539
AS1E  U         34.4471         50.2561        721.8877        2055.3028
AS2E  D         44.0884         32.1510        671.1628         805.4386
CC1E  U          1.0000          1.0000          1.0000           1.0000
EC1E  D         40.9503         25.5738       1233.6650        6107.3983
EC2E  D         68.4528         33.6253       1059.0139        5091.0163
EC3E  D         74.4605         61.5725       1690.0224        8587.0614
ID1E  U         35.9423         30.2282        421.5270         451.0782
 1119063     736061.1389598  -129.9892    45.9422    0.547
AS1F  U         52.8049         36.9635        183.8516         580.2643
AS2F  D         36.7302         30.9520        176.3220         232.8383
CC1F  U         21.9978         34.3564        130.0671         104.8153
EC1F  D         37.4937         30.9288        315.5922        1601.9383
EC2F  D         34.6156         35.7445        306.3348        1505.0122
EC3F  D         31.6483         57.0323        469.2595        2588.2795
 1119098     736061.1430208  -129.9892    45.9423    0.530
AS1G  U        143.1701         97.9227       1172.3613        3270.0362
AS2G  D        144.4002         93.0015       1124.7033        1408.4882
CC1G  U         91.8763         85.2285        816.5106         420.9721
EC1G  D        107.5502        250.6447       1605.5856        8766.3952
EC2G  D         81.9242         79.7488       1670.2891        8065.2114
EC3G  D         86.9037        203.6301       2515.3860       14091.2952
ID1G  U          1.0000          1.0000          1.0000           1.0000
#
103   736034.8495951   -129.9893   45.9432   0.50
 1047568     736013.0838217  -129.9890    45.9431    0.480
AS1A  U         38.4829         28.4074        234.2170         680.2550
AS2A  D         31.1113         26.7566        143.3973         248.4646
CC1A  U         29.6362         56.5617        246.4624        1008.7697
EC1A  D         24.7158         32.8553        245.6417        2079.4817
EC2A  D         19.8417         20.9304        189.5673         808.3425
EC3A  D         28.6980         40.7955        317.9621        1429.0164
 1047601     736013.0943111  -129.9890    45.9429    0.511
AS1B  U         29.3079         27.8094         80.3366         323.5432
AS2B  D         32.9443         36.1359        119.1630         104.4601
CC1B  U         39.1510         53.8367         98.9819         281.6126
EC1B  D         32.7179         30.0100        124.6106         835.4570
EC2B  D         21.6882         28.7646        104.6410         478.9450
EC3B  D         36.3783         40.3081        133.8269         697.7579
 1059174     736027.0411533  -129.9902    45.9441    0.523
AS1C  U         27.4726         40.1672         62.2002         239.4843
AS2C  D         27.0287         26.2912         59.8782          83.9088
CC1C  U         27.3160         27.6780         88.7659         166.6394
EC1C  D         27.7847         24.7663        143.9390         804.1401
EC2C  D         27.9521         23.7367         91.5741         349.1941
EC3C  D         31.2670         50.7378         96.1390         415.8250
 1120047     736061.5003953  -129.9889    45.9430    0.501
AS1D  U         41.3014         43.1650        108.9836         443.0088
AS2D  D         45.3244         43.4106        142.0895         139.0714
CC1D  U         42.9915         22.5893        116.2336         185.5525
EC1D  D         29.2809         41.6569        140.2848        1041.0743
EC2D  D         24.5340         34.4353        150.2609         689.4961
EC3D  D         46.4661         57.6429        156.2105         883.7383
 1088206     736045.6939113  -129.9893    45.9429    0.482
AS1E  U         46.5522         68.3796        101.9278         300.5859
AS2E  D         54.3262         50.9708        112.1258         126.9830
EC1E  D         54.5318         84.4116        142.4905         751.6648
EC2E  D         37.9014         66.2243         89.8977         458.8692
EC3E  D        228.8387        897.5601        223.9770        1095.6714
ID1E  U         61.1392         55.4961        221.6861         263.1313
 1095097     736048.6839779  -129.9891    45.9431    0.487
AS1F  U         41.4868         67.0926        141.2601         405.3833
AS2F  D         25.3639         57.5071        164.7009         153.7987
CC1F  U         33.3381         40.8716        129.8933         209.8660
EC1F  D         45.3848         93.6179        158.8199        1107.5091
EC2F  D         40.3839         58.0280        164.9687         821.5053
EC3F  D         51.8516        118.4952        177.4670         881.2056
#
104   736034.4593254   -129.9894   45.9432   0.51
 1088328     736045.7057682  -129.9892    45.9428    0.487
AS1A  U        393.8220        559.5918       1385.4431        4237.1679
AS2A  D         99.6036        124.7098       1310.3878        1695.3485
CC1A  U         96.4273        136.1484        647.1236        1390.8410
EC1A  D        244.0136        540.0949       1818.0719       10006.2977
EC2A  D        208.2086        487.4170       1404.1924        5878.4336
EC3A  D        439.7835       1763.6491       3058.7582       18316.8727
 1041726     736005.2182186  -129.9893    45.9425    0.480
AS1B  U         38.6488         60.1127        118.4053         515.2625
AS2B  D         28.6094         29.5225        109.8444         155.5006
CC1B  U         63.0296         76.1349        126.0234         329.6748
EC1B  D         35.0707         58.5444        176.9204         792.5731
EC2B  D         47.1242         37.4646        139.6013         554.7178
EC3B  D         46.2141         64.3003        179.1278         895.8911
 1041687     736005.1884913  -129.9893    45.9430    0.515
AS1C  U         47.7518         44.4518        106.9897         276.8380
AS2C  D         36.8348         38.9481         86.4080         113.7075
CC1C  U         40.3036         47.6862         85.7156         225.2225
EC1C  D         41.8048         37.8546        137.8299         737.5571
EC2C  D         28.2816         39.8232        103.7731         424.0829
EC3C  D         45.1195         60.8028        120.3397         796.9211
 1124233     736064.0086795  -129.9891    45.9440    0.527
AS1D  U         42.7234         33.3749        153.3224         451.0433
AS2D  D         42.3204         32.9101         67.0280         156.4022
CC1D  U         30.5608         23.3819        160.5747         365.9523
EC1D  D         29.8347         27.2160        160.6479        1271.0261
EC2D  D         24.1623         22.4334        197.1110         621.4606
EC3D  D         34.9230         32.9368        233.4407        1227.7271
ID1D  U         30.8742         21.3219         81.8745          95.8573
 1047375     736013.0517372  -129.9897    45.9429    0.494
AS1E  U         24.1078         32.6699         59.6148         252.5041
AS2E  D         34.8884         38.5211         68.0851         105.4640
CC1E  U         27.6220         56.2826         68.7748         185.5096
EC1E  D         25.3824         24.7235        137.2167         561.1497
EC2E  D         25.5704         17.0785         80.8176         428.0020
EC3E  D         28.9353         40.5358        134.4289         786.8720
 1047440     736013.0640443  -129.9893    45.9430    0.509
AS1F  U         41.1796         58.5424         70.2326         254.2567
AS2F  D         35.5285         35.6108        114.3561          92.5261
CC1F  U         28.1441         75.8771         57.9539         233.2413
EC1F  D         34.5301         72.8626        117.9756         561.8829
EC2F  D         33.1103         57.8610         95.6333         380.4403
EC3F  D         43.8265        174.7500        127.4408         666.5612
 1125187     736064.7167691  -129.9898    45.9435    0.534
AS1G  U         28.1507         40.4400        115.2654         217.5978
AS2G  D         29.3514         32.2405        104.3964         100.1819
CC1G  U         36.4693         41.4025         92.7851         155.3083
EC1G  D         31.5143         22.7073        213.5792         590.1264
EC2G  D         34.2874         28.4448        234.3311         424.5558
EC3G  D         29.5135         47.8206        241.3401         591.8092
 1125212     736064.7208949  -129.9897    45.9438    0.497
AS1H  U         30.2824         29.1183         96.4161         307.4945
AS2H  D         29.4933         31.9587         78.2692         137.6402
CC1H  U         34.7951         30.6493        126.4650         275.3532
EC1H  D         18.3573         32.9422        223.1059        1062.7656
EC2H  D         23.5683         31.3261        189.4482         588.8681
EC3H  D         43.2185         42.4341        194.2973         929.6767
ID1H  U          1.0000          1.0000          1.0000           1.0000
#
105   736050.7945208   -129.9891   45.9425   0.51
 1124049     736063.8064770  -129.9892    45.9428    0.476
AS1A  U         30.4795         36.2019        131.4066         405.3396
AS2A  D         45.8072         37.7784        207.9461         216.8535
CC1A  U         27.8425         23.5276         95.9346         156.1626
EC1A  D         21.8974         43.2583        200.0888        1169.6686
EC2A  D         25.8227         32.4887        118.4475         712.0946
EC3A  D         53.7985        127.4568        288.8279        1820.2409
 1049225     736015.1917820  -129.9886    45.9424    0.528
AS1B  U         39.1036         35.2421        233.4360         688.4724
AS2B  D         32.3338         45.8234        190.5455         271.0738
CC1B  U         42.9072         61.3326        153.5203         452.6923
EC1B  D         35.9525         33.3838        324.0874        1631.6305
EC2B  D         35.4546         30.0595        277.5969        1049.8328
EC3B  D         32.1790         56.7404        456.0905        3025.1296
 1100524     736051.8787741  -129.9894    45.9424    0.498
AS1C  U         41.6937         37.4789        346.0929        1054.1126
AS2C  D         48.1271         55.6790        328.7443         501.0280
CC1C  U          1.0000          1.0000          1.0000           1.0000
EC1C  D        125.7081         34.7412        355.7579        1946.9302
EC2C  D         19.5656         26.1853        316.4478        1322.5803
EC3C  D         40.3879         48.5539        657.0224        3788.1227
ID1C  U         39.2301         32.5852        265.7368         207.3220
 1118852     736061.0866416  -129.9893    45.9428    0.487
AS1D  U         22.0989         30.2605        176.1759         658.0551
AS2D  D         31.2981         49.2985        225.0618         258.7266
CC1D  U         32.7180         46.0676        127.9849         214.7112
EC1D  D         32.1021         54.6361        228.8442        1256.8317
EC2D  D         39.2474         29.5459        149.6551         842.3338
EC3D  D         34.4965         51.6473        272.9219        1657.6967
 1088109     736045.6839074  -129.9892    45.9424    0.539
AS1E  U         91.2540         84.3288        360.2774        1293.8768
AS2E  D         41.5776         50.1776        445.1031         567.7812
CC1E  U          1.0000          1.0000          1.0000           1.0000
EC1E  D         63.9247         61.5049        480.8109        2612.3704
EC2E  D         75.4483         78.4611        518.2930        2351.6337
EC3E  D         91.4042        117.4507        748.1489        6242.5426
ID1E  U         94.1795         65.9515        326.6070         383.1994
 1127970     736067.1195430  -129.9891    45.9423    0.532
AS1F  U         45.2348        139.6318        553.7857        2002.1904
AS2F  D         40.6731         49.6626        647.4757         837.3320
CC1F  U          1.0000          1.0000          1.0000           1.0000
EC1F  D        112.2810        359.8518        660.3774        3594.8528
EC2F  D         62.4000        130.9143        646.9160        3014.8883
EC3F  D         74.1264        318.4216        988.0699        7983.8236
ID1F  U         42.5815         50.3123        510.5466         532.2042
#
106   736050.0187191   -129.9899   45.9451   0.49
 1081266     736042.0179263  -129.9899    45.9453    0.497
AS1A  U         61.6206         39.3462        185.7034         546.7249
AS2A  D         40.2373         40.0728        316.1724         274.9724
CC1A  U          1.0000          1.0000          1.0000           1.0000
EC1A  D        133.9900        109.0178        894.3301        2241.9689
EC2A  D         83.6508         50.9203        780.4085        1784.8785
EC3A  D        162.3932         80.5856        775.0595        4537.5512
ID1A  U         54.4884         31.4499        229.1756         218.5349
 1094388     736048.1974579  -129.9902    45.9452    0.479
AS1B  U         30.7352         35.6614        105.8529         257.1771
AS2B  D          1.0000          1.0000          1.0000           1.0000
CC1B  U         31.7372         45.6980        205.9417         429.8645
EC1B  D         58.0797         33.9087        430.6297        1321.4793
EC2B  D         23.5350         25.0480        352.3676        1007.8349
EC3B  D         45.2817         44.8504        376.2714        2357.2923
ID1B  U         47.6164         31.6236        113.5813         116.3557
 1135604     736073.6290182  -129.9901    45.9453    0.485
AS1C  U         36.3848         27.6581         87.9413         239.3777
AS2C  D         26.6794         47.9560        150.8613         112.6996
CC1C  U         43.8173         29.9498        165.5792         389.6312
EC1C  D         32.6674         57.7541        368.3822        1035.3094
EC2C  D         23.3093         30.6417        345.3453         928.3538
EC3C  D         27.4620         53.7500        358.5073        2234.4784
 1089710     736046.6199951  -129.9898    45.9451    0.484
AS1D  U         29.6529         29.6529         64.3163         165.0380
AS2D  D         27.3630         27.3630         55.1580         106.7561
CC1D  U         38.9223         38.9223        245.7214         192.5009
EC1D  D         46.0500         46.0500        422.0387         571.3753
EC2D  D         25.4881         25.4881        189.5216         486.5453
EC3D  D         38.6016         38.6016        140.2246         978.4790
 1079007     736040.9185718  -129.9901    45.9452    0.488
AS1E  U         30.2181         44.2551         52.5656         154.1323
AS2E  D         26.4578         41.7385         46.3413         100.9357
CC1E  U         46.8883         48.4519         63.9966         184.5107
EC1E  D         32.8720         37.1877        234.0149         701.3720
EC2E  D         23.5633         29.8857        120.5949         526.5586
EC3E  D         30.7963         44.6931        156.3068        1043.2933
 1095431     736048.7293454  -129.9895    45.9447    0.486
AS1F  U         42.8786         55.1605        156.3692         468.5541
AS2F  D         32.6338         48.2584        192.7024         222.3023
CC1F  U         40.8781         54.3952        378.3989         764.5074
EC1F  D         57.4449         96.1044        644.5636        2141.0640
EC2F  D         55.6842         62.0915        389.4844        1914.6714
EC3F  D         49.7071        111.6525        672.6331        2564.6502
#
107   736044.3071946   -129.9815   45.9372   1.50
 1066196     736033.7541547  -129.9814    45.9367    1.481
AS1A  U        225.5366        518.3658       2437.3163        6707.0941
AS2A  U        201.7749        293.4592       2694.8038        2573.5479
EC1A  D        328.6561        537.2869       2637.8668        9270.3681
EC2A  D         80.8049        320.9049       2152.2213        8197.5546
EC3A  D        219.6572        525.9514      18892.3738       88677.5138
ID1A  U        233.7824        333.1100       4616.5550        5124.1946
 1070921     736035.8230752  -129.9818    45.9371    1.520
AS1B  U         49.9113         47.5401        292.2514        1031.5156
AS2B  U         27.2139         31.5648        411.6034         360.8686
CC1B  U          1.0000          1.0000          1.0000           1.0000
EC1B  D         34.0332         42.0012        416.0060        2256.1449
EC2B  D         38.7065         30.7236        333.4921        1409.1982
EC3B  D         49.3321         86.4840       2405.0979       14322.2068
ID1B  U         37.0733         27.6697        585.9707         754.4976
 1071203     736035.9053259  -129.9813    45.9367    1.504
AS1C  U         27.3471         39.3361        141.7505         640.1624
AS2C  U         24.2056         28.8249        244.9829         210.0483
CC1C  U          1.0000          1.0000          1.0000           1.0000
EC1C  D         28.5415         26.8427        240.8042        1123.1510
EC2C  D         29.0773         27.4094        279.2342        1219.6475
EC3C  D         60.3475         72.9276       1614.3907       10771.9981
ID1C  U         44.8544         25.9460        507.8399         548.1039
 1103241     736053.4513018  -129.9816    45.9375    1.493
AS1D  U         33.4422         39.9723        433.3751        1578.8811
AS2D  U         45.1317         37.2151        474.8014         470.2002
CC1D  U          1.0000          1.0000          1.0000           1.0000
EC1D  D         36.0907         36.0640        470.0101        2612.2978
EC2D  D         36.8001         33.6647        515.2268        2442.8651
EC3D  D         42.9877         55.4922       3838.6603       23345.0978
ID1D  U         39.0004         29.1882        846.4193         922.1848
 1103246     736053.4524860  -129.9815    45.9376    1.502
AS1E  U         30.2965         39.5756        331.4096        1191.4920
AS2E  U         32.5288         33.7534        354.6410         359.8704
CC1E  U         29.3411         44.2777        184.5822         214.5882
EC1E  D         26.4812         43.3773        423.5972        1895.2611
EC2E  D         31.4313         30.0293        436.0827        2142.3776
EC3E  D         32.1861         50.1135       2709.3718       17740.9365
ID1E  U         50.4075         36.0909        718.2691         732.6953
 1103264     736053.4568237  -129.9816    45.9376    1.508
AS1F  U         31.8155         35.1201        294.6199        1007.8464
AS2F  U         33.3526         30.7036        328.3938         293.8741
CC1F  U          1.0000          1.0000          1.0000           1.0000
EC1F  D         37.4220         35.0966        381.3636        1705.8978
EC2F  D         37.3457         23.5096        389.0672        1529.1426
EC3F  D         37.4677         60.6379       2366.0148       14888.0818
ID1F  U         52.3208         33.3081        536.5763         606.2710
#
108   736048.4691326   -129.9898   45.9441   0.52
 1121746     736062.6213697  -129.9895    45.9445    0.518
AS1A  U         23.8561         19.3021         96.2206         298.6744
AS2A  D         25.0080         22.0902        106.2486         129.6507
CC1A  U         22.0364         30.2167        212.1793         431.7895
EC1A  D         29.3797         29.5466        211.3304        1794.1999
EC2A  D         19.0471         21.5926        211.2329         947.1588
EC3A  D         24.4730         37.8125        277.9503        1097.3236
 1119030     736061.1271856  -129.9898    45.9437    0.481
AS1B  U         35.8302         50.1505        110.6804         328.5158
AS2B  D         24.1271         27.6984         85.5650         110.2242
CC1B  U         51.8071         39.8248         94.5365         158.6683
EC1B  D         33.7042         32.6006        229.8114        1150.9920
EC2B  D         28.0990         22.6453        154.3737         536.4634
EC3B  D         42.3106         45.2560        140.2289         739.6314
 1110305     736056.5949800  -129.9899    45.9448    0.536
AS1C  U         24.6916         30.4191        132.7739         457.5164
AS2C  D         25.5075         22.5757        171.8217         204.2886
CC1C  U         26.0357         21.9668        405.5837         792.8492
EC1C  D         30.9846         32.7739        521.2349        3060.0014
EC2C  D         21.1107         23.7528        364.1332        1560.9249
EC3C  D         27.4465         47.6190        329.8529        1594.4407
 1110308     736056.5954696  -129.9900    45.9448    0.525
AS1D  U         30.8091         36.2785         92.3702         335.7641
AS2D  D         50.7209         28.6234        127.5568         135.8746
CC1D  U         18.6031         32.3530        264.8376         539.2098
EC1D  D         26.1815         22.0640        345.6799        2083.0162
EC2D  D         32.3314         27.5892        242.7865         985.9976
EC3D  D         26.1713         50.9125        221.0984         989.1956
 1041679     736005.1802087  -129.9903    45.9434    0.578
AS1E  U         46.4881         51.6205         74.9669         245.5151
AS2E  D         33.6214         44.1218         80.8486          92.3744
CC1E  U         38.7081         62.7370         70.5375         203.2108
EC1E  D         36.5509         42.6194         82.9708         701.4603
EC2E  D         32.3567         39.6445         87.1305         374.5854
EC3E  D         56.8388         88.9309        136.6825         618.5039
 1095179     736048.6955823  -129.9891    45.9434    0.495
AS1F  U         30.4058         36.9317        168.2926         490.3989
AS2F  D         39.0750         37.4880        123.5766         164.5230
CC1F  U         45.7184         32.0204        126.0198         239.7609
EC1F  D         32.1252         33.1738        229.1022        1267.4369
EC2F  D         29.6350         29.1401        120.2975         665.9350
EC3F  D         45.9782         49.1196        198.2764         986.0396
#
109   736023.2314958   -129.9774   45.9327   1.54
 1104192     736053.9198143  -129.9769    45.9325    1.583
AS1A  U         39.9091         32.3242         92.9561         270.6541
AS2A  U         46.1614         60.0998        133.4486         151.6205
EC1A  D         35.9509         49.9367        146.9218         557.6083
EC2A  D         27.2098         23.9087        109.4193         831.5327
EC3A  D         38.5132         43.4196        902.3328        5193.7364
ID1A  U         58.4250         40.3519        424.3210         455.5540
 1067110     736034.3075148  -129.9773    45.9322    1.529
AS1B  U         34.4600         38.5862        259.4335        1016.6900
AS2B  U         36.7720         51.1522        422.4526         284.6326
CC1B  U          1.0000          1.0000          1.0000           1.0000
EC1B  D         31.1235         43.6906        310.2280        1084.8300
EC2B  D         31.0306         34.9635        372.1655        1877.1637
EC3B  D         37.9456         48.5924       2666.8074       15757.5712
ID1B  U         38.2162         32.6961       1862.8410        1969.1741
 1028802     735993.8778519  -129.9779    45.9330    1.526
AS1C  U         34.9860         41.2558        160.0330         376.8590
AS2C  U         35.9495         46.6307        212.3245         170.2733
EC1C  D         36.0665         41.5009        172.0882         618.7941
EC2C  D         28.2254         47.6907        179.8564         793.5383
EC3C  D         45.9215         75.0279       1542.4931        7488.6380
ID1C  U         44.8756         36.7713        698.5716         803.8743
 1075716     736038.8067111  -129.9777    45.9330    1.532
AS1D  U         26.6121         28.7872        147.4584         402.5611
AS2D  U         40.6624         37.2711        205.8883         156.4434
CC1D  U          1.0000          1.0000          1.0000           1.0000
EC1D  D         26.0400         32.8484        172.0335         642.9157
EC2D  D         29.5036         29.5898        191.5585         863.1191
EC3D  D         32.1245         42.4278       1535.2729        7989.3721
ID1D  U         40.3528         33.1004        800.1390         949.1159
 1028861     735993.9010843  -129.9773    45.9327    1.535
AS1E  U        216.0345        550.0341       1746.5534        7415.8429
AS2E  U        205.3917        121.9626       1781.9675        1404.1562
CC1E  U          1.0000          1.0000          1.0000           1.0000
EC1E  D        196.2867        644.5494       2346.2210        8630.6245
EC2E  D        173.8264       1178.1150       1909.2500       14327.4523
EC3E  D       1680.2554       9036.3846      21179.6087      111076.2047
ID1E  U        976.9057       1178.6966      12017.0685       13146.8066
 1028824     735993.8898845  -129.9774    45.9330    1.514
AS1F  U         37.6317         43.5580        157.1905         559.2861
AS2F  U         42.3333         33.0467        234.0796         139.8611
EC1F  D         22.3448         25.2473        167.0378         627.9120
EC2F  D         26.9086         34.0585        255.8400        1228.0356
EC3F  D         32.6890         74.0226       1683.0822        8773.1076
ID1F  U         43.2170         41.8943        915.6967        1178.2568
 1104172     736053.9176100  -129.9772    45.9327    1.536
AS1G  U         28.8916         33.8576        269.1052         911.2932
AS2G  U         22.4089         27.8992        361.8313         240.5744
CC1G  U          1.0000          1.0000          1.0000           1.0000
EC1G  D         32.7710         49.9730        313.2421        1218.6435
EC2G  D         27.2436         41.0019        336.7387        1804.5440
EC3G  D         39.7929         78.4627       2459.4704       12903.4692
ID1G  U         39.4648         29.4825       1458.7261        1618.4228
#
110   736036.1661098   -129.9891   45.9425   0.51
 1048989     736015.1556455  -129.9889    45.9423    0.517
AS1A  U         41.1477         70.5027        657.6292        1926.7523
AS2A  D         36.6424         34.0860        461.6885         712.9343
CC1A  U         63.1216         75.4805        298.9384        1016.4362
EC1A  D         40.6749        123.0889        804.9263        3930.4820
EC2A  D         46.9147         88.4185        582.2547        1793.4052
ID1A  U         38.4719         32.5870        367.9338         465.7713
 1049012     736015.1618402  -129.9890    45.9424    0.525
AS1B  U         65.4899         52.2087        520.5752        1810.5561
AS2B  D         47.6028         49.5834        460.3361         633.6104
CC1B  U         80.3660         97.0060        286.4723         931.3161
EC1B  D         28.9963         43.6844        685.4826        3817.3448
EC2B  D         38.7578         35.0271        545.7928        1655.4509
EC3B  D         50.0322         56.3873       1689.9375        9533.4332
ID1B  U         54.6137         47.4109        353.2368         434.8264
 1100525     736051.8788907  -129.9893    45.9423    0.498
AS1C  U         36.4296         33.9197        293.8949         751.0410
AS2C  D         37.0989         38.1293        265.8084         359.7930
CC1C  U         53.6520         48.3628        458.5167         937.8374
EC1C  D         36.6792         49.2009        316.4317        1426.5050
EC2C  D         42.7242         45.9621        274.2046        1222.4477
EC3C  D         54.3346         88.6253        437.9421        2595.2604
ID1C  U         48.3188         37.8666        187.5480         193.3616
 1059883     736028.0840744  -129.9894    45.9424    0.532
AS1D  U         28.0234         26.4467        259.1560         894.0140
AS2D  D         25.9139         41.1807        313.1697         443.2178
CC1D  U          1.0000          1.0000          1.0000           1.0000
EC1D  D         17.1460         48.0097        353.6316        1835.4434
EC2D  D         29.9497         24.7912        458.7649        1934.6940
EC3D  D         32.8115         50.4215        643.8828        3837.1568
ID1D  U         22.7956         22.9871        209.1838         225.5665
 1087585     736045.5973855  -129.9887    45.9430    0.493
AS1E  U         22.6090         38.7255        356.6116         335.9925
AS2E  D         40.4040         40.8406        228.3650         201.8369
CC1E  U         37.6323         28.9383        177.8905         262.0375
EC1E  D         27.8827         37.7499        670.2089        1002.0597
EC2E  D         35.2664         61.0511        671.9621         827.9098
EC3E  D         35.5801         76.0709        347.1452        1085.5220
 1118993     736061.1188226  -129.9892    45.9427    0.482
AS1F  U         50.9446         36.9062        223.8494         640.9023
AS2F  D         39.2235         35.0797        217.4009         266.1942
CC1F  U         36.4134         29.5864        140.6162          92.7898
EC1F  D         42.5961        125.4964        237.8480        1357.4915
EC2F  D         37.9192        107.5145        188.4403         783.1866
EC3F  D         70.3776        210.1831        433.0053        2408.5468
#
111   736053.4195092   -129.9894   45.9427   0.49
 1124057     736063.8091671  -129.9891    45.9419    0.442
AS1A  U         35.3960         33.3561        110.7771         343.3382
AS2A  D         29.3226         32.4734         84.6822          97.5073
CC1A  D         29.9654         35.2737        107.6045         176.0913
EC1A  D         29.0355         27.0499        126.0612         881.5877
EC2A  D         25.2672         27.8620         88.5743         388.2033
EC3A  D         44.3381         44.2926        128.2550         966.9482
 1138887     736076.2516977  -129.9899    45.9427    0.520
AS1B  U         38.0174         41.8925        112.7504         500.8952
AS2B  D         34.5405         24.3344        203.0843         212.2831
CC1B  D         27.8394         40.7930         99.6188         148.7748
EC1B  D         41.9032         46.8833        299.5617        1116.8349
EC2B  D         28.9465         31.8910        148.7970         588.3193
EC3B  D         38.6332         59.4702        273.9475        1223.8650
 1047318     736013.0360121  -129.9893    45.9428    0.496
AS1C  U         37.6770         47.1646        178.7085         613.0837
AS2C  D         40.7985         26.1925        192.2409         229.8133
CC1C  D         37.6288         66.0814        120.5347         330.2998
EC1C  D         24.3367         37.5936        238.5808        1216.3950
EC2C  D         32.5073         35.1411        132.9018         549.6664
EC3C  D         44.6808         59.6407        355.6897        1731.5337
 1073137     736036.9693431  -129.9896    45.9429    0.482
AS1D  U         37.7077         29.9440        750.9085        2948.5446
AS2D  D         31.4483         37.7592        725.0202        1004.5765
CC1D  D          1.0000          1.0000          1.0000           1.0000
EC1D  D         49.2072         91.0296       1113.4704        6948.6615
EC2D  D         42.8982         33.0866        418.1692        2705.0730
EC3D  D         52.0934         44.3712       1418.8953        8239.3489
ID1D  D         48.3224         37.3453        671.6962         636.3325
 1122667     736063.3262294  -129.9893    45.9428    0.505
AS1E  U         29.9369         40.4895        139.6168         606.1742
AS2E  D         31.4228         33.5994        166.3063         232.4509
CC1E  D         33.2862         37.8347        152.6857         252.7133
EC1E  D         30.8590         38.3348        230.3005        1116.9385
EC2E  D         34.6673         29.4647        142.2018         610.6587
EC3E  D         32.0859         45.5892        263.7957        1570.3226
 1128028     736067.1246059  -129.9893    45.9427    0.490
AS1F  U         48.6165        153.9305        282.3803        1114.6193
AS2F  D         36.1241         72.3300        228.4166         311.9487
EC1F  D         84.9805        348.8525        380.5247        1917.9406
EC2F  D         65.2892        113.1547        211.8597        1005.3471
EC3F  D         73.9712        508.1225        524.3025        2725.1157
ID1F  D         53.0678         48.7793        197.8175         193.7457
#
112   736054.5720600   -129.9894   45.9441   0.51
 1117460     736060.6167348  -129.9892    45.9437    0.509
AS1A  U         29.3797         42.8040         52.7435         166.9901
AS2A  D         22.8235         30.5492         39.4791          97.5813
CC1A  U         33.5044         77.5968         67.3203         169.2655
EC1A  D         79.2122        224.0177         92.9318         536.0838
EC2A  U         29.1681         58.5617         88.3351         493.5417
EC3A  U         27.8191         55.4864        131.8349         592.7652
 1073043     736036.9223468  -129.9892    45.9438    0.518
AS1B  U         43.4260         38.3330         82.5331         303.4084
AS2B  D         42.2333         33.6931         82.0153         145.8162
CC1B  U         66.1704         36.6244         87.0012         257.9328
EC1B  D         38.8064         32.2590        187.2320         961.9865
EC2B  U         33.7345         26.1376        135.4647         714.3459
EC3B  U         39.9985         67.2379        188.4946         790.8031
 1121863     736062.6551651  -129.9911    45.9461    0.497
AS1C  U         22.7100         30.0956        113.2122         207.5886
AS2C  D          1.0000          1.0000          1.0000           1.0000
CC1C  U         25.9968         37.3479        150.1290         313.8752
EC1C  D         26.0976         25.5510        296.6794        1098.4230
EC2C  U         36.6016         20.2355        105.4579         801.2672
EC3C  U         46.6545         27.9466        235.9094        1032.3637
ID1C  U         28.2317         20.5715         93.2025         100.5773
 1117404     736060.6041013  -129.9891    45.9436    0.504
AS1D  U         32.2254         28.0860         71.7148         273.6583
AS2D  D         34.1994         40.3626         73.2906         130.7735
CC1D  U         29.2565         27.8976        100.0832         223.2623
EC1D  D         26.7084         40.9602        133.1050         730.7080
EC2D  U         32.8907         24.6141        150.6759         724.1866
EC3D  U         24.5726         41.2046        183.5763         804.4144
 1087598     736045.6005043  -129.9892    45.9438    0.503
AS1E  U         37.2453         33.5836        123.1079         456.6420
AS2E  D         35.3309         29.1518        104.5503         222.8452
CC1E  U         34.9633         28.3797        172.1300         427.1893
EC1E  D         36.7068         41.5069        276.8765        1471.6105
EC2E  U         32.2196         31.8280        265.2002        1390.1040
EC3E  U         48.0578         49.0192        335.4422        1528.8114
 1118565     736061.0335074  -129.9890    45.9437    0.508
AS1F  U         35.2136         49.6963        130.0396         463.8950
AS2F  D         33.9584         36.8297        103.6658         186.1653
CC1F  U         27.9695         46.5805        123.1613         311.8010
EC1F  D         28.9613         29.7954        275.1705        1243.7903
EC2F  U         23.1208         24.4128        211.9487         807.1445
EC3F  U         22.7247         50.3762        261.6921        1068.4858
#
113   736036.0764216   -129.9775   45.9316   1.56
 1067665     736034.6218653  -129.9774    45.9313    1.571
AS1A  U         27.0403         43.0444       1258.0203        4357.7340
AS2A  U         48.9225         36.2419       1424.5287         880.0053
CC1A  U         38.7715         38.6575        508.9048        1029.9408
EC1A  U         33.1405         39.0080       2525.3185       11138.2019
EC2A  D         20.4724         26.0039       3034.5302        8079.2320
ID1A  U         48.4262         36.3213       6407.4777        8843.2334
 1026658     735991.3110548  -129.9772    45.9315    1.551
AS1B  U         38.7474         41.8690        635.6386        2360.7556
AS2B  U         26.3493         28.5801        826.9657         499.4779
CC1B  U          1.0000          1.0000          1.0000           1.0000
EC1B  U         30.9667         37.5814       1061.1509        4528.5813
EC2B  D         40.1402         40.0976       1328.7382        4472.5930
EC3B  D         35.1693         52.2652       8592.7684       45854.7563
ID1B  U         49.3998         41.7726       3715.0941        4722.6026
 1050735     736017.5114256  -129.9771    45.9314    1.571
AS1C  U         44.0299         38.4911       5077.6349       17642.7295
AS2C  U         51.3829         35.6186       5983.5098        3503.0872
CC1C  U          1.0000          1.0000          1.0000           1.0000
EC1C  U         20.6187         39.1359       8198.3539       34854.3994
EC2C  D         28.7932         34.2314       9895.6299       38869.4412
EC3C  D         49.4284        105.9917      64958.9811      360680.0499
ID1C  U         47.2754         40.3060      34189.0096       38490.6984
 1082864     736043.0130286  -129.9778    45.9314    1.544
AS1D  U         43.8322         29.3638        328.4545         986.9146
AS2D  U         35.0248         38.1376        341.5693         227.3568
CC1D  U          1.0000          1.0000          1.0000           1.0000
EC1D  U         35.9977         44.3483        492.0673        2151.0146
EC2D  D         28.7775         36.3826        638.4634        1658.0190
EC3D  D         43.8673         59.1029       2983.7505       17830.6022
ID1D  U         38.1458         36.4634       1354.7004        1852.8104
 1126450     736065.7562385  -129.9778    45.9314    1.548
AS1E  U         45.9928         63.3369        888.7917         817.0286
AS2E  U         40.1092         29.4853        312.1165         181.6158
CC1E  U         46.3247         49.9164        209.3157          94.1562
EC1E  U         52.3602        110.2962        501.9002        2216.4796
EC2E  D         34.3948        128.4239        684.8707        1608.6414
ID1E  U         45.8743         34.3136       1275.3751        1763.6515
 1067635     736034.6165686  -129.9776    45.9320    1.561
AS1F  U         27.0131         31.8002        361.1362         899.4434
AS2F  U         30.4505         47.0488        317.4839         219.2529
CC1F  U          1.0000          1.0000          1.0000           1.0000
EC1F  U         38.1715         30.3575        386.9779        1507.5361
EC2F  D         39.2758         30.8670        468.5257        2004.2028
EC3F  D         34.4645         73.0673       2725.3450       16557.9156
ID1F  U         46.6149         34.5354       1813.0457        1959.5063
 1126250     736065.7047700  -129.9773    45.9319    1.573
AS1G  U         23.5956         30.9464        552.4695        1407.9013
AS2G  U         44.3781         51.2249        429.6522         273.2158
CC1G  U          1.0000          1.0000          1.0000           1.0000
EC1G  U         40.1523         45.7299        619.7925        2360.0926
EC2G  D         34.1511         41.8359        803.5577        3206.7814
EC3G  D         48.1111        104.8611       4779.6679       25391.0906
ID1G  U         48.2414         39.6792       2795.4974        2895.6946
#
114   736054.4915129   -129.9898   45.9446   0.51
 1095002     736048.6506937  -129.9892    45.9439    0.546
AS1A  U         33.3085         33.3085        146.3232         404.9725
AS2A  D         36.9788         36.9788        151.0685         176.4515
CC1A  U         43.1025         43.1025        124.8105         178.3127
EC1A  D         22.6591         22.6591        156.2966         895.4205
EC2A  U         22.2173         22.2173        124.6446         387.8344
EC3A  U         27.3984         27.3984         92.7007         703.7322
 1116576     736060.3829375  -129.9892    45.9439    0.524
AS1B  U         31.7979         35.0621        200.5276         788.7087
AS2B  D         24.7798         29.2464        179.4190         265.8752
CC1B  U         35.3399         26.1502        199.8465         499.2116
EC1B  D         26.8397         22.2092        350.2826        1739.9751
EC2B  U         36.4137         25.6677        313.3630         935.6668
EC3B  U         47.6447         49.2527        299.6750        1405.5662
ID1B  U         33.2507         29.3970        120.8903         114.0949
 1075642     736038.7954384  -129.9902    45.9446    0.528
AS1C  U         46.6650         39.4154        122.1308         430.4203
AS2C  D         50.2920         40.7972         97.3739         305.8497
CC1C  U         49.1081         27.5800        238.6937         485.9804
EC1C  D         21.0224         30.8839       1007.6873        4505.1859
EC2C  U         35.6282         36.5748        369.3374        1921.4492
EC3C  U         45.0853         53.5516        463.3418        1979.9372
ID1C  U          1.0000          1.0000          1.0000           1.0000
 1118724     736061.0680779  -129.9900    45.9453    0.514
AS1D  U         43.4660         38.7733         64.3310         265.6481
AS2D  D         36.8487         46.3704         98.1919         144.4128
CC1D  U         56.6932         38.9420        138.2742         318.0218
EC1D  D         66.7830        178.7112        624.1527        2584.7175
EC2D  U         40.1489        116.2592        163.0070        1357.3110
EC3D  U         52.9845        104.9428        277.9273        1145.9984
 1112950     736058.1461447  -129.9890    45.9448    0.509
AS1E  U         49.1380         36.5744         66.3301         259.8901
AS2E  D         48.1065         52.5347        104.1822         134.2611
CC1E  U         23.9047         38.8663        161.3772         425.2343
EC1E  D         32.2612         36.1183        436.9172        1998.7018
EC2E  U         54.9374         34.5202        198.1862         954.9637
EC3E  U         42.5099         48.8011        312.3148        1558.0588
ID1E  U          1.0000          1.0000          1.0000           1.0000
 1109885     736056.4052962  -129.9906    45.9448    0.490
AS1F  U         26.1318         24.5920        102.2695         261.8564
AS2F  D         32.4352         44.1953        113.4904         211.9614
CC1F  U         27.2656         32.9284        236.6930         284.0141
EC1F  D         24.9313         26.3940        907.1508        3481.0548
EC2F  U         22.1597         28.9051        297.8078        1507.0074
EC3F  U         29.8664         43.5916        406.4122        1934.1757
 1112351     736057.9920019  -129.9903    45.9448    0.492
AS1G  U         35.0757         37.5098        121.1620         328.3662
AS2G  D         31.4292         24.3940        135.1359         228.6040
CC1G  U         50.4203         34.7643        230.2051         290.2855
EC1G  D         41.3771         62.8783        836.5100        3511.1370
EC2G  U         29.5356         37.6894        304.6096        1275.4388
EC3G  U         33.4018         52.8915        387.9040        1807.5005
#
115   736044.1896749   -129.9891   45.9431   0.51
 1044549     736009.5923091  -129.9888    45.9426    0.470
AS1A  U         27.9389         25.3649         75.1659         223.6811
AS2A  D         25.6189         35.4646        114.6210         131.7016
CC1A  U         31.5701         41.0504         65.0336         211.7334
EC1A  D         32.4850         27.6205        143.7952         899.2989
EC2A  D         24.4245         19.8767        133.5369         573.3127
EC3A  D         30.2237         57.4887        235.6874        1375.7961
 1119374     736061.2124295  -129.9893    45.9421    0.517
AS1B  U         31.5815         41.2135        258.6934         768.2070
AS2B  D         39.6895         29.6830        264.4305         361.8479
CC1B  U          1.0000          1.0000          1.0000           1.0000
EC1B  D         44.7917         32.5148        298.7507        1650.4212
EC2B  D         33.1671         39.4802        250.0725         928.2605
EC3B  D         34.4260         45.1676        296.9620        2654.8754
ID1B  U         45.0931         22.4681        203.3273         189.4362
 1121709     736062.6126656  -129.9897    45.9447    0.499
AS1C  U         26.7879         19.7100        153.5399         428.8253
AS2C  D         19.1974         29.9148        189.3058         205.0265
CC1C  U         24.7216         26.5403        337.0024         711.2980
EC1C  D         24.6511         39.5665        300.5552        2184.8608
EC2C  D         18.1965         25.4623        230.6603         829.3732
EC3C  D         25.0931         48.6784        426.9480        1743.8305
ID1C  U          1.0000          1.0000          1.0000           1.0000
 1075876     736038.8410287  -129.9898    45.9447    0.505
AS1D  U         31.7410         37.7891         95.6061         294.2597
AS2D  D         36.5224         41.8023        139.0809         138.0916
CC1D  U         25.6656         26.6224        217.5289         477.6414
EC1D  D         29.7157         28.5149        214.0705        1491.1719
EC2D  D         23.2069         31.9609        142.3301         576.7252
EC3D  D         30.0835         51.3178        291.9880        1227.2803
 1049010     736015.1613185  -129.9887    45.9421    0.528
AS1E  U         32.1564         23.7287        153.9113         606.6713
AS2E  D         32.3813         30.0281        123.2651         229.0893
CC1E  U         25.8897         33.1973         76.1977         340.4424
EC1E  D         23.6099         32.5514        179.2864         853.3878
EC2E  D         23.3407         27.0623        162.8450         617.2966
EC3E  D         32.6781         30.1975        296.1118        1904.8365
 1140493     736077.7182977  -129.9883    45.9421    0.516
AS1F  U         41.9121         42.0765        375.2212        1555.5365
AS2F  D         30.5956         47.0225        383.3238         619.1206
CC1F  U          1.0000          1.0000          1.0000           1.0000
EC1F  D         40.7415         35.4364        664.7367        3179.1640
EC2F  D         25.7542         41.2320        451.9401        2223.4152
EC3F  D         37.0002         54.3704        857.6862        5583.4022
ID1F  U         63.1227         44.2131        360.2372         338.8516
#
116   736041.3077062   -129.9891   45.9428   0.55
 1060188     736028.1142460  -129.9893    45.9424    0.734
AS1A  U         32.7939         39.9180        676.9587        2392.7406
AS2A  D         29.6261         50.2288       1020.1901        1115.3022
CC1A  U         25.2733         34.5732        481.1250         715.5972
EC1A  D         30.7719         34.1133        864.8872        4781.2455
EC2A  D         32.1293         25.0769        689.8530        3972.0532
EC3A  U         26.9736         57.4716       1905.5679       10671.9191
ID1A  U         36.4316         27.8700        542.9077         452.0920
 1047294     736013.0308858  -129.9894    45.9429    0.512
AS1B  U         31.8210         31.0548         91.8736         264.2926
AS2B  D         33.4445         29.7687         89.2686         117.3280
CC1B  U         31.1328         54.7499         63.4348         149.7679
EC1B  D         25.8930         28.3667        121.9930         605.7399
EC2B  D         23.1812         32.5261         65.2982         343.0650
EC3B  U         36.1273         55.4284        188.6655        1060.5786
 1087495     736045.5634932  -129.9891    45.9435    0.505
AS1C  U         33.8570         74.2505        116.3665         416.2031
AS2C  D         33.7330         38.5545        118.7622         164.9852
CC1C  U         36.8395         40.8907        101.3732         200.0356
EC1C  D         34.4720        109.6537        259.0009         967.5677
EC2C  D         31.7223         53.6198        142.7903         775.5827
EC3C  U         42.6107        124.8335        281.8595        1346.2081
 1108645     736055.6223635  -129.9886    45.9429    0.500
AS1D  U         33.8511         43.4795        114.1432         393.0846
AS2D  D         35.7325         29.2088        179.2689         143.9032
CC1D  U         37.7866         32.6298         81.5109         142.8331
EC1D  D         24.7328         38.7941        149.1770         970.4262
EC2D  D         28.5451         26.6104        222.4879         735.2545
EC3D  U         31.9348         55.3846        288.3502        1199.5465
ID1D  U          1.0000          1.0000          1.0000           1.0000
 1086188     736044.9734670  -129.9886    45.9424    0.527
AS1E  U         36.7867         35.7903        141.7579         391.0660
AS2E  D         24.4986         39.9023        121.7172         151.3900
CC1E  U         37.4870         36.2353         63.7594         102.0546
EC1E  D         26.7367         30.3751        100.6787         474.2932
EC2E  D         23.6347         26.1170        133.6395         479.2371
EC3E  U         43.1836         42.4270        219.7355        1221.0724
 1117028     736060.5417817  -129.9897    45.9430    0.496
AS1F  U         24.5849         26.6769        318.4997        1075.2975
AS2F  D         23.1292         51.2454        470.9856         529.4658
CC1F  U         30.0267         37.3155        244.0707         425.6986
EC1F  D         34.4021        146.4217        438.2131        2390.1040
EC2F  D         22.6015         48.1849        461.5216        2234.4005
EC3F  U         30.7215         61.3743        842.6367        5724.4371
ID1F  U         48.8325         31.6467        297.0870         216.2875
#
117   736036.6643282   -129.9796   45.9368   1.47
 1025881     735990.2584193  -129.9792    45.9360    1.476
AS1A  U         65.0917        196.4503        234.2901         699.6084
AS2A  U         52.5457         40.3788        199.5238         222.1158
CC1A  U         42.1313         72.6892        110.4089         383.8123
EC1A  D         58.7841        160.4383        275.9491        1487.4762
EC2A  D         72.5128        136.0105        358.1214        1223.8172
ID1A  U         56.7994         63.0723        853.0781        1319.1845
 1130536     736068.9419347  -129.9804    45.9376    1.466
AS1B  U         24.8430         42.4105        109.7701         429.0774
AS2B  U         34.8927         23.6222        146.5284          98.6202
CC1B  U          1.0000          1.0000          1.0000           1.0000
EC1B  D         42.3647         46.8840        154.4223         799.1715
EC2B  D         26.5884         48.4391        182.1211         396.4348
EC3B  D         39.8974         74.1966       1213.7258        6159.5211
ID1B  U         40.1948         35.1721        214.9340         296.8364
 1136541     736074.1310895  -129.9788    45.9362    1.498
AS1C  U        153.0548         51.5391       1177.4740        3735.1208
AS2C  U         44.0499         39.6742       1046.2631        1093.8312
CC1C  U          1.0000          1.0000          1.0000           1.0000
EC1C  D         47.3661         80.8297       1597.8515        7856.8478
EC2C  D        224.9832         59.9743       1765.7751        6237.4054
EC3C  D        561.3241        515.1645      10226.2570       62075.4156
ID1C  U        113.1855         68.0018       5016.6028        6774.2588
 1088476     736045.7254440  -129.9798    45.9373    1.457
AS1D  U         39.3742         32.5496        151.0957         281.0011
AS2D  U         43.8217         33.3048        177.3296         119.0065
CC1D  U          1.0000          1.0000          1.0000           1.0000
EC1D  D         36.5193         40.4098        165.4015         712.9438
EC2D  D         39.2493         41.6899        202.4623         662.5955
EC3D  D         47.5656         70.4761       1323.3360        5958.6465
ID1D  U         41.3967         39.9153        437.9832         515.2396
 1031066     735995.1884227  -129.9796    45.9372    1.463
AS1E  U         30.8190         31.5540         61.7790         227.7432
CC1E  U         30.0147         45.4303         50.1138         146.3254
EC1E  D         24.1616         26.3037         70.7750         425.1054
EC2E  D         17.6056         27.6500         93.6035         283.6669
EC3E  D         40.9528         44.5797        917.1783        4092.6111
ID1E  U         33.1623         32.3756        156.4476         342.7232
 1088535     736045.7406593  -129.9797    45.9365    1.473
AS1F  U         40.7346         51.4269        126.7119         490.9512
AS2F  U         56.2730         40.7478        142.9130         136.3289
CC1F  U          1.0000          1.0000          1.0000           1.0000
EC1F  D         34.2391         77.6752        157.0000         785.4738
EC2F  D         36.9051         89.8095        196.4886         687.5780
EC3F  D         63.8391        407.6328       1906.9507        8941.9566
ID1F  U         37.1307         39.5664        362.3603         629.5325
#
118   736033.5299547   -129.9881   45.9425   0.49
 1028124     735993.0458498  -129.9886    45.9420    0.514
AS1A  U         26.0275         26.0275        486.3007         831.4002
AS2A  D         22.1878         22.1878        127.7571         417.3136
CC1A  U          1.0000          1.0000          1.0000           1.0000
EC1A  D         26.5701         26.5701        430.7262        1907.6950
EC2A  D         26.9199         26.9199        626.1373         596.0374
EC3A  D         30.6027         30.6027        805.2120        4797.6290
ID1A  U         16.1400         16.1400        119.7505         271.2557
 1026129     735990.7102639  -129.9888    45.9424    0.531
AS1B  U         59.4136         61.9201        201.0605         618.1184
AS2B  D         42.0727         36.4226        225.3368         283.3736
CC1B  U         47.7345         67.5378        142.3011         467.6141
EC1B  D         43.9467         52.2265        236.3046        1454.9483
EC2B  D         53.4130         55.3691        159.1850         575.5767
EC3B  D         50.6938        101.7998        482.8424        2856.2085
 1049016     736015.1624983  -129.9884    45.9419    0.582
AS1C  U         56.7735         74.0453        842.5521        2980.9347
AS2C  D         78.9794         96.8181        714.2729        1221.3873
CC1C  U          1.0000          1.0000          1.0000           1.0000
EC1C  D         47.8393         56.3210        919.3342        5938.1579
EC2C  D         58.5011         57.6642        830.0467        2703.7355
EC3C  D         49.3878        117.5241       2473.8436       14541.8560
ID1C  U        112.2238         66.3903        778.9883         574.1667
 1065116     736033.3504992  -129.9875    45.9430    0.444
AS1D  U         20.8118         21.1359         93.5975         302.7720
AS2D  D         28.5632         39.1423         88.6754         134.1310
CC1D  U         20.8213         23.1761         60.3999         144.0208
EC1D  D         20.1373         20.2235        200.3024        1071.9339
EC2D  D         17.1880         23.3899        126.7329         687.4246
EC3D  D         25.1470         30.6090        254.2033        1860.7742
 1127720     736066.8368227  -129.9875    45.9431    0.442
AS1E  U         26.4159         73.2630        165.3473         595.2903
AS2E  D         37.3385         54.9760        196.5152         258.9225
CC1E  U         61.1688        124.9633        127.1057         292.2477
EC1E  D         83.7908        280.0924        369.8874        2013.0248
EC2E  D         47.5343        170.2206        246.4464        1328.0448
EC3E  D        145.0045        341.8713        484.7223        3452.5314
 1123289     736063.6143219  -129.9886    45.9421    0.485
AS1F  U         44.2844         32.7332        233.9502         903.4797
AS2F  D         39.4806         44.2935        211.8189         367.7678
CC1F  U          1.0000          1.0000          1.0000           1.0000
EC1F  D         52.3023         64.1324        355.3610        2242.4123
EC2F  D         42.6618         54.3526        197.6314         853.5618
EC3F  D         40.0518         80.4039       1083.3852        6333.9889
ID1F  U         33.3800         26.2602        211.0265         224.0223
 1133590     736071.9894269  -129.9875    45.9430    0.426
AS1G  U         30.2378         29.5293        125.2420         459.7832
AS2G  D         37.2065         27.2718        106.8971         181.5628
CC1G  U         28.1807         46.4722         95.8832         191.1630
EC1G  D         28.1822         37.7711        218.9714        1233.2138
EC2G  D         27.1295         26.3167        126.7770         721.2931
EC3G  D         25.0043         49.2727        400.4993        2480.8790
#
119   736035.2891139   -129.9804   45.9374   1.46
 1070186     736035.6884990  -129.9820    45.9377    1.407
AS1A  U         34.3418         51.2390        143.5905         690.6120
AS2A  U         38.3251         42.4103        171.2594         189.8526
EC1A  D         35.4742         41.6546        189.5926        1446.8092
EC2A  D         22.8709         31.4265        214.7574         683.8717
EC3A  D        195.8569         89.6180       1320.1169        7170.9434
ID1A  U         39.3458         34.2657        311.4369         243.0542
 1034867     735998.0650771  -129.9804    45.9374    1.452
AS1B  U         35.7940         58.8898        159.5846         589.5634
AS2B  U         24.9610         34.9427        216.5025         162.9197
CC1B  U         48.8136         45.0001        116.8035         245.0043
EC1B  D         56.3137         32.9266        167.4244         938.5868
EC2B  D         31.8600         35.2151        154.6422         480.8463
ID1B  U         59.2743         30.8747        285.6654         396.1718
 1082414     736042.6474118  -129.9811    45.9371    1.424
AS1C  U         36.1284         38.2214         88.6455         327.7314
AS2C  U         25.3399         39.9013        147.8151         102.8883
CC1C  U          1.0000          1.0000          1.0000           1.0000
EC1C  D         44.1378         23.3690        101.6448         675.9784
EC2C  D         27.9774         30.8537        121.5429         341.2125
EC3C  D         25.7141         58.0025        961.0009        4905.4310
ID1C  U         35.4510         27.4693        215.8781         229.8580
 1088467     736045.7240356  -129.9794    45.9373    1.497
AS1D  U         85.5431         96.8593        511.3082        1951.6865
AS2D  U         74.6982         62.2840        680.3000         472.8394
EC1D  D         69.3711        141.6964        683.5275        3903.8297
EC2D  D         79.7045        197.4232        992.3225        3753.6197
EC3D  D        143.8333        381.6047       6482.9718       28221.1782
ID1D  U         56.4292         66.3563        977.9468        1914.5405
 1094938     736048.6302147  -129.9803    45.9373    1.473
AS1E  U         32.8959         32.8959        432.1298         699.8681
AS2E  U         28.5581         28.5581         85.1251         231.0121
CC1E  U          1.0000          1.0000          1.0000           1.0000
EC1E  D         24.5545         24.5545        248.6051        1289.4925
EC2E  D         20.5848         20.5848        725.2326         784.2435
EC3E  D         32.3275         32.3275        926.2732        9655.9360
ID1E  U         21.8903         21.8903        211.9398         526.0871
 1095728     736048.7890472  -129.9813    45.9375    1.484
AS1F  U         35.5444         33.5053        466.7298        2218.5763
AS2F  U         24.1076         36.9175        646.7071         576.1040
CC1F  U          1.0000          1.0000          1.0000           1.0000
EC1F  D         32.1171         32.4485        460.9616        3138.9598
EC2F  D         27.4894         25.1856        755.3412        3047.0425
EC3F  D         33.5283         44.2319       5582.1344       28858.9118
ID1F  U         42.1806         27.0719       1172.1297        1204.0842
 1067736     736034.6370065  -129.9798    45.9372    1.421
AS1G  U         35.8206         50.4990        239.7030         562.9386
AS2G  U         29.1462         32.8090        185.3744         205.6332
CC1G  U          1.0000          1.0000          1.0000           1.0000
EC1G  D         34.7367         81.5498        235.2652        1308.9394
EC2G  D         28.1683         85.6416        392.7744         719.0642
EC3G  D         92.5871        444.6238       2345.8222       10455.3659
ID1G  U         42.4028         40.1522        455.4849         659.5905
 1088472     736045.7248435  -129.9796    45.9373    1.423
AS1H  U         48.7930         88.6070        234.1665         620.3600
AS2H  U         49.6870         62.3610        205.5054         204.8376
EC1H  D         55.2794         59.9683        241.8371        1447.7870
EC2H  D         51.5680        135.7499        276.0799         895.0970
EC3H  D         80.5802        352.2493       2512.2106       11133.4449
ID1H  U         48.2541         40.3576        453.5161         724.9821
 1052773     736019.2819784  -129.9806    45.9371    1.476
AS1I  U        144.5959         41.0966       4054.0746       22828.5506
AS2I  U         29.1800         22.0327       6395.8050        5813.1733
CC1I  U         33.2764         22.6654       1918.0295        7122.0763
EC1I  D         40.4586         21.4440       6675.0937       41879.6187
EC2I  D        150.1327         38.6731       9978.7773       33789.9813
ID1I  U         52.6984         29.6500      10660.3758       16513.1537
 1065825     736033.7030251  -129.9793    45.9376    1.509
AS1J  U        131.2582        379.6247        491.6963        1770.2556
AS2J  U         83.2964         81.5003        840.8001         512.9473
CC1J  U          1.0000          1.0000          1.0000           1.0000
EC1J  D        163.7921        551.5262        653.9838        4088.8508
EC2J  D        150.7887        655.1803       1102.1008        3641.2129
EC3J  D        907.5830       4314.3881       7342.8883       31892.7851
ID1J  U        110.5351        306.7174       1202.3312        2244.5635
*
