#
100   736055.0544216   -129.9894   45.9423   0.53
 1072561     736036.8058956  -129.9898    45.9424    0.514
AS1A  U         37.8766         29.3245        215.1900         800.0939
AS2A  D         22.2521         37.3272        296.4107         328.5661
CC1A  U          1.0000          1.0000          1.0000           1.0000
EC1A  D         22.1251         22.6182        411.9840        1710.8736
EC2A  D         23.2704         26.5896        409.5605        1637.7741
EC3A  D         25.2791         48.1899        597.5619        2806.6040
ID1A  U         36.7670         33.5576        163.2731         202.0503
 1119023     736061.1247842  -129.9893    45.9422    0.531
AS1B  U         30.2979         33.6569        251.7609         683.2604
AS2B  D         28.8538         30.0710        254.0174         283.6915
CC1B  U          1.0000          1.0000          1.0000           1.0000
EC1B  D         42.6821         44.7845        288.6096        1804.4615
EC2B  D         27.2185         61.7786        313.6261        1475.5495
EC3B  D         30.8932         95.8160        480.9625        2633.9854
ID1B  U         30.3523         25.7272        173.6914         176.1235
 1119098     736061.1430208  -129.9892    45.9423    0.530
AS1C  U        143.1701         97.9227       1172.3613        3270.0362
AS2C  D        144.4002         93.0015       1124.7033        1408.4882
CC1C  U         91.8763         85.2285        816.5106         420.9721
EC1C  D        107.5502        250.6447       1605.5856        8766.3952
EC2C  D         81.9242         79.7488       1670.2891        8065.2114
EC3C  D         86.9037        203.6301       2515.3860       14091.2952
ID1C  U          1.0000          1.0000          1.0000           1.0000
 1119104     736061.1439858  -129.9892    45.9421    0.539
AS1D  U         34.4471         50.2561        721.8877        2055.3028
AS2D  D         44.0884         32.1510        671.1628         805.4386
CC1D  U          1.0000          1.0000          1.0000           1.0000
EC1D  D         40.9503         25.5738       1233.6650        6107.3983
EC2D  D         68.4528         33.6253       1059.0139        5091.0163
EC3D  D         74.4605         61.5725       1690.0224        8587.0614
ID1D  U         35.9423         30.2282        421.5270         451.0782
#
101   736048.0556222   -129.9890   45.9437   0.48
 1030451     735995.0320091  -129.9883    45.9436    0.454
AS1A  U         48.1257         59.8061        244.1058        1308.2248
AS2A  D         48.9559         37.0937        240.4716         292.4204
CC1A  U         42.5476         93.0874        229.3979        1035.7599
EC1A  D          1.0000          1.0000          1.0000           1.0000
EC2A  D         69.3689         81.7219        499.2627        1679.3253
EC3A  D         46.4049        121.6442        966.2336        3187.4561
ID1A  U         71.8318         38.2068        187.0547         277.8751
 1109144     736055.9556717  -129.9890    45.9454    0.416
AS1B  U         43.4867        108.8856        267.6005        1213.7417
AS2B  D         50.8737         44.7891        286.0533         425.1390
CC1B  U        145.1089        192.0204       1419.7137        2260.5900
EC1B  D         90.0944        333.6301       3336.0113       14797.8731
EC2B  D         43.3032        159.1783        609.3757        4309.4308
EC3B  D         94.7097        527.0027       1242.8078        8186.4898
ID1B  U         58.6031         44.1660        312.4174         294.7921
 1117281     736060.5855370  -129.9886    45.9430    0.478
AS1C  U         30.3997         62.0361        149.9070         437.6942
AS2C  D         37.7176         32.5468        101.5966         180.3464
CC1C  U         30.5813         45.2565        117.7663         182.2221
EC1C  D         39.1171        122.5183        364.0629        2313.2843
EC2C  D         31.8423         52.5617        188.2784         885.1337
EC3C  D         40.4575         96.2987        543.8819        3341.3191
ID1C  U          1.0000          1.0000          1.0000           1.0000
 1119354     736061.2089475  -129.9893    45.9423    0.527
AS1D  U         52.4585         47.1600       1743.4774        5187.9646
AS2D  D         70.2566         65.3530       1466.8543        2275.8444
CC1D  U         32.5325         40.7472       1017.7143        1090.2796
EC1D  D         47.2502        141.0579       2025.0135       11009.0500
EC2D  D         51.8371         89.2082       2636.5455       11473.2621
EC3D  D         60.3804        110.8871       3794.1428       23237.0069
ID1D  U         52.8945         47.8341       1405.5271        1543.7526
 1128362     736067.4959457  -129.9899    45.9444    0.515
AS1E  U         51.8147         45.2516       2186.7601        5343.4239
AS2E  D         56.1815         49.9814       2565.8378        2925.1066
CC1E  U         45.3580         54.1384       3241.7313        7560.7984
EC1E  D         36.2605         41.6526      12076.0241       42797.4291
EC2E  D         48.1246         37.8127       5280.4858       22608.5177
EC3E  D         39.1090         90.0000       6712.9275       27298.3751
ID1E  U         63.0469         52.7271        940.9281         959.0945
#
102   736027.2827529   -129.9886   45.9417   0.59
 1026126     735990.7094384  -129.9888    45.9422    0.545
AS1A  U        220.1590        323.4342        424.6566        1070.9328
AS2A  D         47.9803         44.8680        418.0816         554.5731
CC1A  U         55.3889        105.2429        795.6561        1175.3077
EC1A  D        344.6668        583.0008        575.9954        2275.5648
EC2A  D        145.9781        157.2158        520.0342        1940.1324
EC3A  D        215.0068        475.1365        786.8447        4102.5723
ID1A  U         51.5478         39.9610        260.5532         221.4333
 1047906     736013.6293396  -129.9877    45.9409    0.791
AS1B  U         49.9415         37.2586        472.6536        1914.3208
AS2B  D         38.7093         31.5671        550.1942         650.0176
CC1B  U         32.3618         75.8706        259.1559        1163.8108
EC1B  D         40.2346         29.3638        652.1889        3190.0192
EC2B  D         26.9278         30.0769        472.3186        2145.5421
EC3B  D         45.1406         49.5561       1221.7913        7899.6836
ID1B  U         42.3967         34.1228        413.3222         414.7392
 1059977     736028.0936866  -129.9897    45.9419    0.559
AS1C  U        299.8458        852.0873        611.1816        1476.9539
AS2C  D        192.1916        344.1049        393.1840         661.8068
CC1C  U          1.0000          1.0000          1.0000           1.0000
EC1C  D        211.4556       1448.6812        437.6432        2765.3589
EC2C  D        193.1480        877.9252        417.5481        1910.4974
EC3C  D        484.8937       2335.6745        936.0945        4864.7899
ID1C  U         63.8743         40.1054        372.7775         347.6551
 1060132     736028.1082283  -129.9890    45.9420    0.518
AS1D  U         37.2821         47.2736        152.0908         661.4266
AS2D  D         73.5528         73.3777        301.7540         470.5692
CC1D  U          1.0000          1.0000          1.0000           1.0000
EC1D  D         93.8439        189.5032        387.1923        2183.1242
EC2D  D         98.5366        166.5112       1262.4214        1064.1389
EC3D  D        285.4448        191.0834        593.4328        4004.7771
ID1D  U         64.1681         52.7146        289.5824         228.2584
 1076624     736039.1323326  -129.9890    45.9420    0.545
AS1E  U         40.7117         28.3620        316.2004         842.6098
AS2E  D         23.0327         38.6567        339.7311         285.0695
CC1E  U         26.8952         26.5805        238.4265         187.0006
EC1E  D         25.0222         27.0414        642.4714        2805.9649
EC2E  D         22.4594         22.1873        450.7782        2240.3495
EC3E  D         25.8029         38.8588        719.2126        4098.0517
ID1E  U         46.2250         26.9576        228.6764         211.0416
 1087904     736045.6524809  -129.9878    45.9413    0.687
AS1F  U         88.6637         70.2291       1030.6746        4113.1584
AS2F  D        129.6464         95.6643        947.5013        1570.6588
CC1F  U          1.0000          1.0000          1.0000           1.0000
EC1F  D         93.3696         81.6196       1285.6233        6143.5462
EC2F  D         71.7122         67.8158       1099.3774        4731.5904
EC3F  D         68.2815         85.1172       3067.2025       19024.1775
ID1F  U         69.7389         76.4244        876.6744         855.9736
 1087914     736045.6537641  -129.9885    45.9416    0.509
AS1G  U        230.4890         84.2442        695.1134        2285.4006
AS2G  D         97.7276         58.7553        532.8160         785.7911
CC1G  U          1.0000          1.0000          1.0000           1.0000
EC1G  D        232.6114        427.7805       1130.9271        3906.5722
EC2G  D        149.1684        236.1118       1008.6083        2152.0951
EC3G  D        263.5692        409.6901       2143.3564       10345.3843
ID1G  U         82.5684        130.9494        427.4770         411.0106
#
103   736050.6433391   -129.9883   45.9416   0.53
 1087817     736045.6405486  -129.9882    45.9415    0.535
AS1A  U        106.1182        100.9474        531.2398        1926.6417
AS2A  D        150.1464         79.8817        483.0563         708.8871
CC1A  U        108.4635         92.8051        566.3056         209.1138
EC1A  D         86.0290         91.9121        486.0176        2969.1094
EC2A  D        196.9650         77.4604        923.8592        4610.5283
EC3A  D        155.1332        175.7223       1424.8530        8468.2530
ID1A  U         81.3831         54.9417        452.0651         513.6702
 1087926     736045.6551052  -129.9882    45.9415    0.540
AS1B  U         50.4199         52.6093        174.5346         611.8514
AS2B  D         52.7307         36.6707        140.7480         204.8305
CC1B  U          1.0000          1.0000          1.0000           1.0000
EC1B  D         40.8628         33.3941        199.0127         961.3705
EC2B  D         38.8129         43.4263        355.4231        1392.4444
EC3B  D         43.6277         82.9044        470.9380        2960.8169
ID1B  U         44.1968         37.6588        138.2253         161.2326
 1108728     736055.6388099  -129.9883    45.9417    0.523
AS1C  U         30.5918         44.1002        985.0470        4283.3159
AS2C  D         42.3579         32.4872        832.1478        1495.6291
CC1C  U          1.0000          1.0000          1.0000           1.0000
EC1C  D         47.9008         51.1830        762.0799        6548.0935
EC2C  D         31.7797         36.4431       1965.8473        9399.4732
EC3C  D         56.8599         62.4348       2623.3865       15857.6649
ID1C  U         36.2915         30.7419       1061.2829        1050.7537
 1108729     736055.6388926  -129.9884    45.9418    0.515
AS1D  U         94.2981         77.8234        628.7589        2782.9932
AS2D  D        135.9084         72.5403        598.4486        1021.8155
CC1D  U        118.8912        113.1022        890.4699         332.4485
EC1D  D         80.1528         71.5427        529.9422        4749.2953
EC2D  D         71.9130         56.9834       1250.2678        5722.7171
EC3D  D         80.8531        118.2986       1698.3883       10236.1453
ID1D  U         67.1096         54.5718        631.6163         616.1558
#
104   736035.9167403   -129.9895   45.9436   0.50
 1041740     736005.2211893  -129.9893    45.9424    0.495
AS1A  U         45.7977         48.0529        249.3051         811.0892
AS2A  D         38.9373         39.8747        226.1035         363.2844
CC1A  U         26.2681         57.8363        228.7034         552.9677
EC1A  D         36.1482         32.1062        339.2205        1784.2606
EC2A  D         37.3110         37.7065        193.6908        1018.8009
EC3A  D         33.0268         58.4703        460.5589        2719.2674
ID1A  U          1.0000          1.0000          1.0000           1.0000
 1076107     736038.9161000  -129.9899    45.9451    0.491
AS1B  U         38.7025         40.4341        249.2591         729.8294
AS2B  D         34.7078         36.8670        197.3203         335.3613
CC1B  U         58.5041         30.3309        791.1109        1695.7037
EC1B  D         24.7282         30.1744        649.1193        4244.8103
EC2B  D         41.3282         35.9767        285.2591        1584.0892
EC3B  D         44.2977         47.5007        683.9312        3355.0078
ID1B  U         48.5591         40.6618        196.6225         160.4398
 1088144     736045.6872705  -129.9892    45.9421    0.509
AS1C  U         85.3531         87.7486        723.4288         954.7270
AS2C  D         82.0486         60.3383        569.3983         346.1347
CC1C  U         70.9151         65.9318        260.3657         275.2633
EC1C  D         71.4891         86.7111        438.0785        1382.6589
EC2C  D         97.9996         56.2058        582.7657         947.2761
EC3C  D         83.4744        136.3381        460.9825        2043.9386
ID1C  U         54.8786         41.0104        217.8386         160.8013
 1103930     736053.8424013  -129.9893    45.9447    0.492
AS1D  U         38.1777         33.5269        233.2594         723.4655
AS2D  D         32.8601         49.0768        237.7497         232.7972
CC1D  U         25.3067         28.2380        332.0633         806.6083
EC1D  D         31.8509         23.9079        593.2694        3778.8381
EC2D  D         25.1308         29.1327        312.4909         870.6909
EC3D  D         26.7842         61.9029        237.2868        1345.1938
ID1D  U         43.2091         34.2903        126.2703         126.2146
#
105   736037.5820666   -129.9890   45.9436   0.43
 1034431     735998.0082920  -129.9883    45.9421    0.247
AS1A  U         95.9547         67.7515        298.9909        1219.7885
AS2A  D         45.2767         44.4376        293.4845         196.7236
CC1A  U         49.4511         95.2827        246.9482         589.2764
EC1A  D         58.0417         82.1053        954.4250        3353.6618
EC2A  D         60.7623         67.5953        804.3492        3571.0865
EC3A  D         81.6698        207.9579       2263.2498       12801.2488
ID1A  U         58.1027         33.7357        532.5918         651.9575
 1080263     736041.1695641  -129.9887    45.9446    0.456
AS1B  U         27.3529         28.5991        687.7067        1023.8422
AS2B  D         27.0737         29.3314        326.7361         337.9178
CC1B  U         21.6286         23.8530        826.5329         779.5670
EC1B  D         21.8327         25.3505       2427.6172        6775.5997
EC2B  D         16.5095         16.6023       1284.7669        2959.2612
EC3B  D         18.9589         26.6341       1249.3188        5195.4239
ID1B  U         22.7721         24.8250        187.4953         267.1232
 1094478     736048.2251295  -129.9897    45.9443    0.508
AS1C  U         40.2273         38.5855        205.4139         672.3208
AS2C  D         34.2147         34.0429        167.4569         257.3372
CC1C  U         35.2075         37.8951        446.9181         608.0326
EC1C  D         29.2880         31.7275        911.9350        3398.0798
EC2C  D         24.9876         27.4149        337.0583        1464.4679
EC3C  D         34.0156         58.5389        740.6990        3728.0837
ID1C  U         49.3600         46.0924        185.1234         163.5314
 1122380     736062.9252806  -129.9895    45.9435    0.490
AS1D  U         33.1417         32.1562        384.4089        1029.5073
AS2D  D         23.9882         49.0264        265.5101         405.9795
CC1D  U         17.1178         36.7327        206.3066         496.1615
EC1D  D         34.9555         43.2571       1231.7159        5389.0586
EC2D  D         17.0594         38.8835        414.5484        2500.4088
EC3D  D         43.8636         40.2480       1397.5492        6892.9441
ID1D  U         31.3071         30.4939        253.0984         268.2471
#
106   736048.1991422   -129.9889   45.9426   0.56
 1072638     736036.8192894  -129.9893    45.9423    0.490
AS1A  U         79.5641         37.8016        210.5814         535.8617
AS2A  D         41.9029         34.9216        191.2845         269.0781
CC1A  U         33.6833         29.4020        219.7323         132.3756
EC1A  D        116.8621        216.2822        170.9291        1303.8119
EC2A  D         33.3926         33.2566        200.2815         774.5260
EC3A  D         38.7697         47.2074        286.2466        1910.9952
ID1A  U         39.9092         28.4622        140.1839         126.4804
 1089847     736046.6493784  -129.9888    45.9442    0.471
AS1B  U         34.9800         34.9800        164.2512         213.3397
AS2B  D         28.7808         28.7808         69.6447         134.1561
CC1B  U          1.0000          1.0000          1.0000           1.0000
EC1B  D         26.8292         26.8292        261.1001        1925.5895
EC2B  D         26.0075         26.0075        230.8634         633.4913
EC3B  D         34.2602         34.2602        137.0496        1444.9004
ID1B  U         42.6295         42.6295         78.4261        1324.3593
 1099647     736051.0284005  -129.9893    45.9409    0.772
AS1C  U         39.8993         39.5789        299.9570        1083.2599
AS2C  D         30.4228         31.2967        353.7578         410.2212
CC1C  U         32.3058         42.7760        183.6780         257.1102
EC1C  D         26.8046         38.7935        366.4749        1682.5919
EC2C  D         26.5035         30.0915        574.7650        2595.7826
EC3C  D         49.3477         43.9420       1210.6246        4933.1715
ID1C  U         34.2496         32.1085        378.3626         412.5288
 1113228     736058.2995004  -129.9884    45.9432    0.487
AS1D  U         29.2667         32.9091        491.4663        1423.7408
AS2D  D         28.7929         33.8369        300.4018         629.7804
CC1D  U         36.3980         37.9134        316.4414         687.2901
EC1D  D         33.9440         25.5652       1305.7745        5040.2045
EC2D  D         19.3798         21.0611        648.7618        3765.9015
EC3D  D         52.9719         47.2354        980.6745        5176.6087
ID1D  U         47.6563         30.1346        323.4553         255.3164
#
107   736038.0682517   -129.9940   45.9472   0.38
 1030516     735995.0382561  -129.9901    45.9428    0.538
AS1A  U         42.2428         56.3498        469.7659        1627.6472
AS2A  D         36.2734         40.7862        675.5202         913.3955
CC1A  U         47.6156        111.6881        333.7669        1410.3455
EC1A  D         38.9945         57.8218        502.8797        3107.5451
EC2A  D         32.4130         38.6111        727.9426        3287.8832
EC3A  D         37.7948         95.4211       1459.7121        7654.4519
ID1A  U         74.5764         32.9505        336.4595         328.3910
 1072861     736036.8648991  -129.9903    45.9431    0.512
AS1B  U         30.9571         29.9136        256.3670         828.6002
AS2B  D         44.8410         30.1106        315.9333         458.8825
CC1B  U          1.0000          1.0000          1.0000           1.0000
EC1B  D         31.1684         41.4719        290.1312        2044.6549
EC2B  D         19.8881         34.8368        377.5075        1919.8414
EC3B  D         38.9058         52.5820        710.4654        3690.4908
ID1B  U         38.8966         35.5606        212.4614         160.3904
 1078146     736040.1158178  -129.9954    45.9496    0.328
AS1C  U         33.1860         34.2846         67.1231         158.9902
AS2C  D         36.4481         41.0436        118.8214         130.0565
CC1C  U         38.1884         32.3104        400.5606         958.4252
EC1C  D         35.4966         38.8582        785.7909        3101.5207
EC2C  D         20.6696         31.3355        239.7664        1215.3335
EC3C  D         30.5464         58.8031        310.3655        1510.3155
ID1C  U         34.6214         38.6851         85.8388         124.8890
 1078593     736040.5703955  -129.9977    45.9507    0.247
AS1D  U         31.7806         24.9208         96.3009         193.6245
AS2D  D         54.3264         40.9570        176.4320         198.3777
CC1D  U         38.3396         28.8511        809.6802        1419.2619
EC1D  D         36.2355         36.0940        684.6399        3298.5365
EC2D  D         19.2516         35.5325        369.0272        1471.1120
EC3D  D         40.9775         42.2018        374.7668        1645.3477
ID1D  U         45.8725         37.4299        113.7408         139.1586
 1140729     736077.7518901  -129.9965    45.9497    0.271
AS1E  U        457.5049        489.5928       1167.3298        3939.4715
AS2E  D        334.0595        524.2181       3041.4455        3489.9280
CC1E  U       1205.0270        698.6134       4840.1641       13389.6699
EC1E  D       1226.6741        988.5732       5666.6228       24210.0492
EC2E  D       1492.0471        831.8825       2148.4834       12466.6707
EC3E  D       1009.8692       1723.9817       2544.2171       14833.6506
ID1E  U        208.5413        244.1247       1035.8688        1221.1334
#
108   736022.3987827   -129.9883   45.9434   0.47
 1030515     735995.0381034  -129.9882    45.9435    0.479
AS1A  U        154.2847        115.4363       1048.0491        4487.5104
AS2A  D        112.8606        128.0287       1094.1252        1365.0169
CC1A  U        125.7559        248.0588       1045.7017        3552.0382
EC1A  D        158.5822        141.2560       4474.6681       22230.1553
EC2A  D        105.3587        134.1239       1649.3432       10567.6398
EC3A  D        125.8342        209.5784       6010.2179       25845.3238
ID1A  U         87.2536         79.5260       1046.1157        1354.0652
 1030550     735995.0422259  -129.9880    45.9432    0.464
AS1B  U        222.0882        212.2191       1088.7375        3806.3434
AS2B  D        299.2166        267.7203        769.0665         941.4823
CC1B  U        262.4493        345.4812        741.1912        2722.1631
EC1B  D        220.1284        299.8633       2288.2349       13508.1494
EC2B  D        243.3651        195.1451       1252.9666        5187.6173
EC3B  D        246.4475        295.0213       4276.0174       20146.2679
ID1B  U        214.6075        204.5878        975.5638        1230.0743
 1068632     736034.8256496  -129.9881    45.9436    0.474
AS1C  U         51.6078         31.4025        256.6792        1203.0713
AS2C  D         31.6188         37.4840        225.7301         262.7702
CC1C  U         28.1912         48.1729        184.2077         513.6895
EC1C  D         33.7992         45.0885        686.1778        4147.0660
EC2C  D         31.9434         39.5390        325.3191        1801.2969
EC3C  D         39.8593         51.4834       1206.9199        5844.6525
ID1C  U         30.4854         40.3961        248.1645         305.7823
 1125043     736064.6891521  -129.9887    45.9433    0.462
AS1D  U         37.1342         39.1396       2474.2750        7962.6095
AS2D  D         33.0141         37.9698       1703.1758        2676.4751
CC1D  U         32.7757         31.1706       1888.5496        3381.1443
EC1D  D         51.9621        162.7335       7624.7932       44644.3925
EC2D  D         43.7068         84.2072       3626.0986       16917.4129
EC3D  D         65.3261        233.4540       9924.7704       49246.6830
ID1D  U         31.0054         25.0375       2113.9770        2135.1638
#
109   736025.6040121   -129.9890   45.9423   0.53
 1048960     736015.1507972  -129.9889    45.9422    0.533
AS1A  U         51.7667         54.7746        246.9682         929.9559
AS2A  D         43.2234         33.7300        198.9648         353.5127
CC1A  U         54.6556         78.7273        133.4650         476.0980
EC1A  D         31.6892         60.1459        297.6245        1603.6962
EC2A  D         28.8064         54.6075        322.5859        1029.4693
EC3A  D         51.3544        160.0615        776.1762        4488.1442
ID1A  U         37.9269         29.9752        215.8611         251.2506
 1049024     736015.1636123  -129.9888    45.9421    0.537
AS1B  U         61.5796         57.5339       1106.0178        4018.5135
AS2B  D         89.0636        106.3716        839.4206        1591.6447
CC1B  U         70.1224        176.6070        505.6704        2142.3204
EC1B  D         66.6165        129.9196       1230.2349        7346.7635
EC2B  D         84.9978        110.1547       1391.5739        4839.0570
EC3B  D         76.3894        140.2698       2968.4706       20413.9705
ID1B  U         81.5436         66.5429        930.3530         983.2384
 1049218     736015.1905834  -129.9888    45.9423    0.535
AS1C  U         31.3075         40.6888        110.3452         325.9125
AS2C  D         27.4058         55.5191         94.8752         119.7142
CC1C  U         30.9554         48.7475         70.3769         211.8775
EC1C  D         32.9462         47.3796        128.1366         611.5807
EC2C  D         33.0401         36.8728        132.7546         449.3868
EC3C  D         38.1847         74.7934        271.2218        1512.9237
ID1C  U         32.4405         29.0011         84.9217          96.0020
 1072682     736036.8296625  -129.9893    45.9424    0.537
AS1D  U         37.4580         30.5924        994.3820        2565.6627
AS2D  D         28.0878         48.5285        962.9715        1317.8610
CC1D  U         27.1102         29.6949        842.0469         630.2881
EC1D  D         37.2531         25.9136        895.6580        6307.8430
EC2D  D         30.9528         34.4894       1162.9552        5692.3086
EC3D  D         37.4319         42.9688       1636.6279       11628.1865
ID1D  U         36.1360         31.9588        758.1396         773.8758
 1088122     736045.6854053  -129.9891    45.9424    0.496
AS1E  U         85.4084         69.0789        287.5717        1028.4037
AS2E  D         57.6971         42.0690        254.5319         410.5570
CC1E  U         81.9492         80.6965        228.7233         458.1194
EC1E  D         52.5167         63.3690        305.7544        1866.0320
EC2E  D         56.6684         51.2013        398.6484        1838.4557
EC3E  D         74.6308        190.6359        587.2839        4607.9632
ID1E  U         60.9471         33.1711        338.0406         362.2115
#
110   736046.3986523   -129.9886   45.9428   0.48
 1059934     736028.0891286  -129.9887    45.9428    0.488
AS1A  U        103.7251         43.1520        889.0844        2788.8997
AS2A  D         96.9861         46.5690       1679.3884        1475.3996
CC1A  U         44.9728         53.6465        746.2193        1315.5702
EC1A  D         56.4945         53.9559       1333.7893        9917.2058
EC2A  D         65.0653         49.4747       1965.3243        7261.4861
EC3A  D         55.1408         68.1846       2508.9065       13827.0310
ID1A  U         49.3971         40.5748       1042.7501         742.1708
 1059966     736028.0919772  -129.9887    45.9427    0.478
AS1B  U         34.5267         49.8868        442.7544        1397.3989
AS2B  D         35.7675         26.0596        852.6229         782.2289
CC1B  U         35.2763         37.3081        389.6080         698.4847
EC1B  D         31.2786         76.1642        708.1955        5379.1993
EC2B  D         24.8867         28.1529        981.4360        3908.6464
EC3B  D         31.0520         75.2334       1335.3054        7401.1422
ID1B  U         36.4078         31.7630        536.5833         378.3139
 1060070     736028.1025084  -129.9890    45.9427    0.446
AS1C  U         44.8788         43.6766        254.4546         777.5672
AS2C  D         37.6848         34.4901        469.3606         342.5357
CC1C  U         29.9706         33.7076        239.8545         345.7521
EC1C  D         30.7531         64.3633        642.5762        2638.8840
EC2C  D         33.8559         53.5846        448.3223        1905.2919
EC3C  D         38.2829         95.9966        611.6538        3935.2965
ID1C  U         33.6657         22.9537        293.1715         258.9202
 1098893     736050.7817375  -129.9891    45.9446    0.463
AS1D  U         40.2682         33.6757        396.7386        1321.1636
AS2D  D         43.2920         26.9154        671.2262         686.9659
CC1D  U         47.9790         35.0762       1067.4553        1510.9336
EC1D  D        139.4151         45.3146       3561.5166       12961.0145
EC2D  D         73.9975         31.1892       1488.7070        6507.9014
EC3D  D         58.6901         51.3539       2693.7059       11708.7412
ID1D  U         46.2351         36.1694        620.8825         694.6081
 1099946     736051.3903791  -129.9892    45.9431    0.454
AS1E  U         40.0806         36.3873        265.0534         974.2832
AS2E  D         41.0513         33.1837        266.6717         333.5927
CC1E  U         52.3781         30.0771        139.0544         317.2959
EC1E  D         25.6741         20.9015        546.5506        2374.4814
EC2E  D         26.1286         35.7269        375.8852        1651.7090
EC3E  D         26.1830         54.2971        689.2686        3920.3526
ID1E  U         48.9104         41.4453        142.5410         166.8563
 1107872     736055.3365597  -129.9875    45.9429    0.397
AS1F  U         38.0572         44.4780        204.6518         683.2730
AS2F  D         22.2475         26.0707        155.5095         272.9562
CC1F  U         22.4299         28.5714        131.5009         299.6731
EC1F  D         24.8775         33.2707        387.3136        2168.4599
EC2F  D         27.2301         24.6606        293.6871        1539.1534
EC3F  D         52.1057         60.0580        521.7470        3931.4734
ID1F  U         39.5714         37.8872        149.6890         124.4134
 1123343     736063.6237127  -129.9885    45.9415    0.556
AS1G  U         29.5645         33.7821        191.8735         852.7211
AS2G  D         22.8668         47.8748        173.0893         252.6669
CC1G  U         17.4401         27.7548        107.1686         181.4674
EC1G  D         36.6213         24.8831        221.3663        1091.7899
EC2G  D         37.5569         26.6146        386.2529        1646.9840
EC3G  D         28.6771         47.7837        532.6990        3283.0988
ID1G  U         45.2555         28.5356        194.9112         186.9078
 1126521     736065.7732153  -129.9885    45.9419    0.521
AS1H  U         35.6022         28.0906        441.7945        1709.7095
AS2H  D         42.9007         48.4562        384.9994         623.2435
CC1H  U         35.0868         30.4325        298.8170         412.8032
EC1H  D         42.9289         85.2989        428.8647        2529.3919
EC2H  D         38.7571         30.2623        647.2535        2894.1572
EC3H  D         32.6336         63.8467        979.0996        6541.3710
ID1H  U         35.2006         29.5079        439.8159         402.7319
#
111   736043.5079716   -129.9884   45.9424   0.51
 1030795     735995.0732177  -129.9881    45.9421    0.504
AS1A  U         43.3068         46.4337        316.3650        1447.8942
AS2A  D         35.3600         37.2180        217.1603         460.2879
CC1A  U         40.8514         58.7523        223.8864         619.0711
EC1A  D         34.1623         38.0488        410.5114        2163.5972
EC2A  D         37.2063         28.8896        528.4453        2020.9908
EC3A  D         50.2102         47.6858       1691.7386        7498.6277
ID1A  U         55.4965         33.2191        290.7522         373.6306
 1054429     736020.7762144  -129.9889    45.9428    0.511
AS1B  U         41.9494         28.0949        952.2140        3302.1862
AS2B  D         36.9007         30.2139        727.4141        1224.5116
CC1B  U         19.9440         59.9405        513.7437        1998.8852
EC1B  D         12.2376         36.0420       1418.4574        6370.1805
EC2B  D         15.1098         21.4724        655.5664        3725.1785
EC3B  D         25.9141         44.1746       1812.3851       12199.4091
ID1B  U         41.5808         43.7902        543.1762         632.8918
 1093310     736047.7287073  -129.9879    45.9427    0.466
AS1C  U         30.4818         40.7946        141.6412         516.1539
AS2C  D         38.2202         31.9736         91.0152         130.1914
CC1C  U         31.9219         33.9030         90.4292         150.2180
EC1C  D         35.8001         42.5380        173.1854         927.4318
EC2C  D         27.4395         34.6240        164.5204         978.8791
EC3C  D         49.6121         44.3109        429.5222        2670.6211
ID1C  U         38.1397         32.0179        125.4107         155.0812
 1106506     736054.6981823  -129.9881    45.9424    0.522
AS1D  U         45.8049         40.4435        303.9070        1235.0678
AS2D  D         34.0588         31.3375        244.0042         397.6470
CC1D  U         34.9242         24.8462        174.1338         254.7029
EC1D  D         29.0572         35.9748        765.6365        3093.7870
EC2D  D         28.8006         35.3373        339.6437        1806.4736
EC3D  D         36.8435         50.7368       1143.1588        6217.6613
ID1D  U         32.1210         33.1006        236.0470         288.7433
 1108488     736055.5919062  -129.9886    45.9422    0.519
AS1E  U         30.3687         29.8183        386.3814        1254.3354
AS2E  D         47.2933         32.5661        362.6725         430.5081
CC1E  U         48.2825         29.6229        186.9652         306.9863
EC1E  D         29.5222         38.0671        372.6074        2117.7291
EC2E  D         24.7307         26.6671        490.8585        1748.3534
EC3E  D         44.3640         50.4365        809.8249        5025.0780
ID1E  U         37.8278         24.8372        315.6683         313.7497
 1123050     736063.5664111  -129.9883    45.9422    0.522
AS1F  U         30.3887         28.5035        202.4742         697.6917
AS2F  D         41.7070         41.1512        235.9117         273.9071
CC1F  U         36.0946         31.1680        135.6888         174.0855
EC1F  D         24.6520         33.7969        367.1639        1622.2114
EC2F  D         30.2423         23.3280        343.5510        1169.6223
EC3F  D         28.5793         51.4523        561.9952        2788.2201
ID1F  U         39.3979         27.3932        184.6197         191.3963
 1127988     736067.1211620  -129.9891    45.9423    0.517
AS1G  U        249.2132        138.2818       1052.8478        4129.2316
AS2G  D        420.0972        280.8223       1309.0160        1558.6342
CC1G  U        208.4181        100.1186        798.3768         988.2778
EC1G  D         99.0913        129.0128       1553.1908        7049.9052
EC2G  D        115.8628         84.9845       1130.0174        6234.5795
EC3G  D        122.7795        202.2855       1948.9894       16113.0964
ID1G  U        119.7244         76.4662       1074.3974        1225.8628
#
112   736055.1278174   -129.9899   45.9446   0.48
 1060007     736028.0966707  -129.9895    45.9425    0.522
AS1A  U         77.5583         72.3746       1465.8955        4942.3673
AS2A  D         50.3661         81.2810       1677.0366        2253.4778
CC1A  U        122.8422         86.4790        859.5218        1247.0233
EC1A  D         88.5155        357.4445       1510.0888        7250.0554
EC2A  D        123.1582        206.3874       2066.5366        9428.3180
EC3A  D         98.6431        298.4382       3174.3929       20174.6682
ID1A  U         80.4753         92.5758       1271.0150        1269.1519
 1078863     736040.8823829  -129.9899    45.9449    0.481
AS1B  U         48.8040         47.6190        181.5999         425.2526
AS2B  D         47.5466         34.6734        167.9477         342.6766
CC1B  U         36.5024         52.4797        497.2300         915.4181
EC1B  D         37.8235         61.1488        831.4540        2660.0919
EC2B  D         29.8591         41.8009        457.0327        2201.6781
EC3B  D         48.8972         71.7056        625.1256        3800.1489
ID1B  U         48.2631         33.5307        179.3067         196.1932
 1078867     736040.8838125  -129.9904    45.9449    0.456
AS1C  U         48.9402         88.5771       8638.6162       23341.6609
AS2C  D         51.0116         48.7766       9418.5154       17694.8357
CC1C  U         54.2149        139.5211      25508.5245       63871.4732
EC1C  D        176.2110        413.4149      46117.1803      121776.6890
EC2C  D        102.5253        444.3892      19681.6789      101830.1098
EC3C  D         94.2548        576.5162      24235.0817      138162.8055
ID1C  U         52.1204         41.1457       7015.2878        7000.6904
 1135565     736073.6208739  -129.9900    45.9452    0.485
AS1D  U         42.0762         39.8910       2949.9708        7923.9156
AS2D  D         23.7559         29.8235       4284.9915        3800.7166
CC1D  U         31.1590         28.5390       7040.4733       15196.1781
EC1D  D         31.0677         30.4758      10964.3293       32800.7690
EC2D  D         28.8154         36.5709       8218.4324       29677.2292
EC3D  D         42.7782         53.6009      10468.8715       60537.0584
ID1D  U         47.9629         30.2859       2959.8711        2997.6051
 1135684     736073.6403685  -129.9898    45.9450    0.476
AS1E  U         25.5888         28.3307       1166.2325        2440.0142
AS2E  D         42.2290         52.0939       1056.6646        1406.8748
CC1E  U         33.3590         24.3572       1734.1431        4154.2145
EC1E  D         41.7833         28.8082       3549.3281       11090.2784
EC2E  D         28.5021         39.0482       3761.0850        8912.7156
EC3E  D         37.5828         55.9174       3279.8013       18003.1255
ID1E  U         55.4397         28.3211        759.4277        1037.7682
 1135700     736073.6427956  -129.9898    45.9450    0.487
AS1F  U         35.2407         28.0580        832.8475        1915.3332
AS2F  D         37.1425         45.1156        675.9868         923.9626
CC1F  U         31.4231         30.3954       1375.5172        3525.5250
EC1F  D         44.9360         55.1387       2695.9619        9208.3291
EC2F  D         31.0957         43.5953       2392.2263        8762.2715
EC3F  D         35.1881         58.2554       2139.7476       12421.2913
ID1F  U         54.6824         39.4849        693.4740         815.1322
#
113   736042.1018708   -129.9897   45.9433   0.49
 1028980     735993.9231628  -129.9901    45.9437    0.503
AS1A  U         52.5259         42.2035        258.0332         886.0459
AS2A  D         56.1842         57.8346        247.0720         366.5287
CC1A  U         65.3257        115.4379        228.9943         942.4102
EC1A  D        117.6309         53.3405        386.6186        2328.7753
EC2A  D         50.5697         37.6664        429.9060        1850.9931
EC3A  D         41.3559         68.6010        634.9606        3886.0291
ID1A  U         54.6616         31.1799        254.9120         225.1600
 1060141     736028.1089012  -129.9900    45.9437    0.491
AS1B  U         25.9639         27.3162        159.7262         736.0502
AS2B  D         36.8794         29.1766        181.2434         311.5658
CC1B  U         23.9009         33.6156        168.4922         389.3204
EC1B  D         25.5283         28.9590        335.5245        1905.8107
EC2B  D         20.8672         21.2742        222.4065         921.4103
EC3B  D         18.2923         35.7483        765.4721        4315.3316
ID1B  U         36.3409         24.5761        159.1154         198.2067
 1068874     736034.9047696  -129.9889    45.9422    0.473
AS1C  U         51.1053         49.9169        236.7346         756.6471
AS2C  D         50.1359         51.5573        216.0813         309.5489
CC1C  U         37.5801         31.5403         95.0947         157.5093
EC1C  D         24.3182         85.9810        281.2989        1326.3313
EC2C  D         37.8761         50.8376        181.5179         476.9166
EC3C  D         49.9540        241.2331        789.9930        4202.8274
ID1C  U         55.6919         35.7329        211.6614         257.1920
 1116951     736060.5257646  -129.9897    45.9431    0.490
AS1D  U         34.4434         32.7553        344.4438        1210.8825
AS2D  D         26.1678         26.4033        382.6046         454.6661
CC1D  U         29.1318         43.2940        244.6551         461.7467
EC1D  D         32.0975         35.9208        535.6081        2994.6831
EC2D  D         26.0075         31.8418        311.3626        1813.1740
EC3D  D         32.5610         35.7957        825.0704        4741.9774
ID1D  U         49.4541         32.8681        321.8210         262.6579
 1119900     736061.4445586  -129.9900    45.9437    0.495
AS1E  U         24.3388         26.2786        266.9800         867.0280
AS2E  D         42.2217         37.1402        258.2454         346.4105
CC1E  U         34.4667         41.9018        406.9291         341.1461
EC1E  D         24.8817         23.5917        334.6269        2895.4243
EC2E  D         25.3719         19.5686        452.5538        2390.8827
EC3E  D         35.3249         33.2197        984.3976        5060.7598
ID1E  U         39.2296         24.4103        206.3358         217.0094
 1135941     736073.7040679  -129.9897    45.9434    0.475
AS1F  U         28.4904         35.5107        269.7685        1035.6311
AS2F  D         31.6630         49.5063        290.6523         357.5063
CC1F  U         31.5160         22.3809        198.8718         382.4347
EC1F  D         39.7618         42.9097        390.9488        2354.3169
EC2F  D         30.2456         26.0431        264.6873        1436.2226
EC3F  D         33.3765         46.0249        440.0871        3013.2845
ID1F  U         37.2086         26.4244        210.1202         211.3574
#
114   736039.9539952   -129.9891   45.9427   0.51
 1049083     736015.1732965  -129.9886    45.9420    0.534
AS1A  U         69.8763         59.2749        770.5471        3306.4083
AS2A  D         76.5540         77.5669        625.8873        1051.9861
CC1A  U         67.1955        138.2598        402.9853        1726.0322
EC1A  D         60.8676         66.6178        989.7655        5207.6647
EC2A  D         48.8993         57.4811       1215.7437        4742.6292
EC3A  D         69.2157         93.9363       1596.2138       10026.7696
ID1A  U         93.4116         51.8201        630.6900         643.0542
 1053393     736019.7381878  -129.9888    45.9451    0.426
AS1B  U         43.5140         48.0313        119.2916         565.3012
AS2B  D         40.2001         60.6109        175.6885         162.4416
CC1B  U         51.7616        189.0337        377.5531        1254.0624
EC1B  D         98.9346         46.0349        862.7960        3121.3863
EC2B  D         45.8216         29.1742        391.4905        1560.7712
EC3B  D         40.0505         44.0678        410.5058        2893.1083
ID1B  U         39.8087         32.4674        141.6860         128.4623
 1072881     736036.8673715  -129.9904    45.9429    0.498
AS1C  U         38.1599         53.4832        235.7191         709.5226
AS2C  D         25.4691         44.0167        274.0025         410.9818
CC1C  U         30.7547         41.0490        327.2293          91.5793
EC1C  D         32.4193         47.0352        399.4076        2289.5870
EC2C  D         40.2314         60.1819        347.4639        1329.0436
EC3C  D         56.3776         89.1201        691.3621        3520.3715
ID1C  U         35.4935         37.7053        169.3739         171.9594
 1087976     736045.6655631  -129.9886    45.9418    0.543
AS1D  U         50.6586         61.4219        346.2986        1402.7423
AS2D  D         54.0428         46.6499        311.1524         527.4707
CC1D  U         53.0178         46.1549        208.9783         296.1276
EC1D  D         45.7208         56.2104        493.4921        2383.7380
EC2D  D         35.5100         38.0940        372.5658        1624.9785
EC3D  D         53.0329         61.5103        936.7179        6251.2683
ID1D  U         42.4033         32.0956        374.8607         327.0839
 1119051     736061.1354587  -129.9892    45.9422    0.524
AS1E  U         29.4173         40.3820        600.6493        1572.3061
AS2E  D         32.6218         26.5394        565.1195         666.1862
CC1E  U         26.3096         36.3932        390.6168         326.9953
EC1E  D         25.7267         28.8111        694.2260        4188.4672
EC2E  D         39.3770         27.6490        712.1083        3478.9839
EC3E  D         32.3067         59.0305       1089.8126        5886.4129
ID1E  U         59.1029         29.5856        381.4527         392.3934
 1119105     736061.1440938  -129.9891    45.9421    0.534
AS1F  U         48.3620         52.8582        413.2188        1229.1091
AS2F  D         43.6312         50.8067        443.0988         534.5838
CC1F  U         43.7329         60.5662        363.6011         225.9964
EC1F  D         36.9565         68.5037        558.8561        3584.9931
EC2F  D         32.6705         59.2675        677.4377        3120.1203
EC3F  D         47.9729         89.4239       1045.0134        5635.6101
ID1F  U         38.3532         33.0055        310.3548         318.4578
#
115   736034.6118294   -129.9885   45.9432   0.47
 1034366     735998.0018803  -129.9879    45.9419    0.392
AS1A  U         51.2740         96.5213        139.1263         507.9769
AS2A  D         41.0108         54.4978        104.5035         156.3123
CC1A  U         56.3890        162.3526         94.6631         347.3615
EC1A  D         74.4446        142.4101        279.2429        1233.6736
EC2A  D         36.5675         88.5204        266.7765         981.5037
EC3A  D        134.1233        461.5057       1077.0920        7838.3266
ID1A  U         40.3092         48.7853        171.6019         312.5238
 1060039     736028.0998749  -129.9886    45.9426    0.479
AS1B  U        168.0345         49.3309        900.8424        2888.5576
AS2B  D         48.6428         39.8700       1344.2238        1542.4202
CC1B  U         62.8658         36.4745        671.8668        1121.2178
EC1B  D        141.0637         86.7551       2031.1919       12472.4963
EC2B  D        183.6065         67.2603       2276.8658       10818.8401
EC3B  D        166.8616         81.1737       3849.7793       21347.7865
ID1B  U         40.9431         33.7185        808.8695         781.4362
 1064700     736033.1574181  -129.9879    45.9437    0.505
AS1C  U         23.3197         31.2679       1206.1639        5109.9558
AS2C  D         21.6863         26.8559       1415.2868        1484.7335
CC1C  U         32.4313         21.1655       1348.1815        2728.2928
EC1C  D         39.0023         39.2167       4064.0564       19312.4056
EC2C  D         54.2044         22.5893       2362.5074        9728.4230
EC3C  D         41.3809         40.9361       5691.8942       27650.3036
ID1C  U         38.0690         25.0004       1229.9933        1437.6919
 1068612     736034.8210771  -129.9882    45.9437    0.482
AS1D  U         27.4104         28.6690        152.8358         587.1737
AS2D  D         32.1941         50.3176        133.8254         164.6095
CC1D  U         28.0514         31.3577        192.5073         294.3439
EC1D  D         33.2869         31.4571        430.7863        2461.1878
EC2D  D         16.0912         29.4512        225.2689        1184.8458
EC3D  D         54.3557         72.6447        715.3874        3187.8077
ID1D  U         42.0472         27.8962        141.9225         148.7633
 1072844     736036.8631083  -129.9900    45.9435    0.503
AS1E  U         26.6571         22.6642        215.8868         791.1484
AS2E  D         28.9217         29.2722        216.8652         286.1067
CC1E  U         30.6313         48.2775        165.3223         355.5341
EC1E  D         26.8080         30.9100        364.2727        2032.0046
EC2E  D         35.0383         26.6739        324.8293        1619.2686
EC3E  D         45.5511         42.5762        560.7892        3179.6273
ID1E  U         40.7337         33.0141        199.5363         162.9964
 1139362     736076.7276176  -129.9886    45.9439    0.486
AS1F  U         41.6660         34.4338        147.8784         496.7584
AS2F  D         37.6872         32.1216        125.3420         104.3922
CC1F  U         37.8841         42.3575        179.0232         261.0423
EC1F  D         36.7030         33.5482        503.7907        2575.1849
EC2F  D         42.5850         29.5554        280.7452        1209.8009
EC3F  D         36.5295         47.8828        451.3772        2656.8301
ID1F  U         41.7639         26.3722        127.8403         121.4515
#
116   736053.1614178   -129.9895   45.9442   0.49
 1054616     736020.8050727  -129.9914    45.9450    0.530
AS1A  U         34.9981         29.4692        250.8309         660.0879
AS2A  D         21.8844         27.9289        275.6868         389.5401
CC1A  U         27.7591         41.5274        516.3321        1729.7233
EC1A  D         20.1739         30.7381        457.3627        2055.3758
EC2A  D         22.7921         20.8884        476.8690        2068.5327
EC3A  D         28.7144         45.1755        624.0033        3081.8391
ID1A  U         39.0713         26.6399        132.4742         159.6004
 1064685     736033.1545292  -129.9884    45.9420    0.518
AS1B  U         22.7196         20.8282       1016.4658        3617.2399
AS2B  D         23.1622         31.0307        924.5547        1469.9527
CC1B  U         23.6129         20.8442        640.3959         816.9100
EC1B  D         21.8504         34.8022        946.2299        5603.5210
EC2B  D         24.0599         23.0125       1724.4664        6313.1953
EC3B  D         21.9602         46.9216       2835.0858       15401.8416
ID1B  U         34.9368         28.9971        854.1140         778.0729
 1099077     736050.8054713  -129.9892    45.9444    0.434
AS1C  U         44.4306         31.2742       1953.2742        5618.8254
AS2C  D         33.4927         48.2802       2758.2896        4241.7799
CC1C  U         28.5184         37.7437       6862.4223       11120.9308
EC1C  D         53.6113         35.6897      17383.6262       63387.6219
EC2C  D         28.4246         37.8047       8556.3223       37124.2432
EC3C  D         33.8281         65.1981      12006.7476       55436.4547
ID1C  U         43.6209         32.2810       3188.4650        3061.4819
 1123542     736063.6661032  -129.9894    45.9448    0.474
AS1D  U         35.0258         23.2732        462.6101        1571.1721
AS2D  D         29.8890         29.4981        813.5909         918.3200
CC1D  U         36.2691         39.2329       1207.5573        1642.3400
EC1D  D         32.1030         34.4632       3448.0355       11963.2564
EC2D  D         32.6010         22.8112       1678.9513        7255.7917
EC3D  D         29.1366         46.5766       3033.1342       15546.2130
ID1D  U         41.3393         21.7815        558.3133         619.0819
 1135822     736073.6624502  -129.9892    45.9447    0.487
AS1E  U         31.5793         31.1969        239.8877         731.2460
AS2E  D         53.4525         47.5922        327.5584         369.0439
CC1E  U         33.7557         46.4735        528.9243         702.7703
EC1E  D         49.7611         40.9031       1262.2102        5178.4735
EC2E  D         42.4306         35.3744        689.5357        2695.9316
EC3E  D         43.4973         59.6574       1231.1339        6619.7641
ID1E  U         49.2122         51.7921        221.8781         238.4549
 1139725     736076.8748801  -129.9893    45.9444    0.475
AS1F  U         28.7928         28.6658        254.3716        1126.1096
AS2F  D         41.4858         39.4752        325.7749         404.8432
CC1F  U         37.0318         40.0975        581.8187         859.6386
EC1F  D         35.8511         27.8530       1552.6805        7654.1279
EC2F  D         27.1638         19.8244        770.5919        3404.0753
EC3F  D         37.8147         37.6922       1641.8493        8859.0537
ID1F  U         40.6436         31.5168        309.4003         336.0937
#
117   736046.2210573   -129.9898   45.9435   0.52
 1060119     736028.1071070  -129.9900    45.9425    0.504
AS1A  U         49.4821         35.7513       1062.8076        3624.3953
AS2A  D         34.6676         38.0074       1109.5248        1952.8295
CC1A  U         39.8512         25.8173        696.6976        1067.5821
EC1A  D         43.1389         56.9335       1154.6752       10483.9747
EC2A  D         29.6923         36.4745       1090.0316        5459.3086
EC3A  D         40.2804         97.5017       2643.0659       12909.9959
ID1A  U         36.8791         28.7210        749.5206         774.6961
 1072982     736036.9001380  -129.9897    45.9436    0.522
AS1B  U         36.5806         37.5645        251.3444         628.7849
AS2B  D         33.8615         23.7780        189.4339         227.8718
CC1B  U         41.7515         23.7305        150.8008         323.7365
EC1B  D         34.8767         25.6958        404.6097        2316.4346
EC2B  D         37.1250         33.0148        303.9916        1443.2222
EC3B  D         30.6636         46.0988        465.5106        1987.4702
ID1B  U         32.3687         39.0607        119.3034         118.4655
 1106809     736054.8202747  -129.9902    45.9443    0.533
AS1C  U         41.3931         40.3382        180.3220         556.1619
AS2C  D         33.1595         31.8269        228.3531         277.8037
CC1C  U         30.6156         32.4911        308.2575         624.2537
EC1C  D         43.3072         35.2828        491.3201        2485.5359
EC2C  D         31.0997         31.4452        328.9493        1591.9297
EC3C  D         34.9948         56.1898        397.2761        1877.3855
ID1C  U         32.6752         31.1544         87.9292         116.0295
 1125684     736065.0567094  -129.9896    45.9436    0.524
AS1D  U         29.3516         46.6795        356.2740         818.0942
AS2D  D         45.1116         28.9234        276.7437         330.4128
CC1D  U         29.2221         42.6768        241.5788         489.7040
EC1D  D         40.6277         35.6479        853.5459        4122.3430
EC2D  D         37.6334         28.6996        455.4809        2245.0551
EC3D  D         38.6503         64.8842        600.9779        3347.1590
ID1D  U         45.3995         47.9177        142.5325         152.9236
#
118   736059.5115188   -129.9923   45.9463   0.51
 1078651     736040.6108725  -129.9924    45.9463    0.519
AS1A  U         33.5598         40.8342        536.0996         914.3469
AS2A  D         36.8322         36.9357        465.3569         636.8291
CC1A  U         33.1762         29.2366       1343.1278        2369.2469
EC1A  D         32.6266         32.2600       1702.5709        4809.7851
EC2A  D         22.7950         39.9712        678.4256        2762.0621
EC3A  D         45.9532         57.8110        872.8109        3360.3013
ID1A  U         40.1723         29.1791        215.3283         324.7129
 1121815     736062.6375441  -129.9921    45.9468    0.464
AS1B  U         35.7155         24.1663        487.3444        1468.2549
AS2B  D         22.6661         28.9898       1078.6865        1015.0538
CC1B  U         62.7767         34.0315       2422.2286        4634.4193
EC1B  D         45.3404         17.8865       2756.4314       11010.3638
EC2B  D         22.1709         19.8680       1129.5460        3646.9488
EC3B  D         27.6795         21.8683       1022.2980        3955.6741
ID1B  U         41.3963         24.1414        197.0100         217.4616
 1126932     736066.0762692  -129.9916    45.9452    0.565
AS1C  U         43.9190         32.5922       1254.2464        3841.0878
AS2C  D         33.0027         34.2391       1779.7091        1678.2956
CC1C  U         28.2599         35.1926       1387.9969        5350.7745
EC1C  D         32.6550         26.0295       6494.8688       25563.8478
EC2C  D         31.6575         26.9042       2487.2216       10468.3119
EC3C  D         36.6344         53.7644       1892.6440       10250.3488
ID1C  U         43.5525         25.2592        474.9956         556.5695
 1129813     736068.7213894  -129.9932    45.9467    0.506
AS1D  U         29.1506         40.7443        869.2682        1847.7992
AS2D  D         25.5651         51.6443       1365.1101        1720.7623
CC1D  U         59.3291         51.1989       2763.4779        6023.7927
EC1D  D         25.8562         36.4953       2966.9059       12096.4634
EC2D  D         36.3426         27.0148       1336.7436        3597.9301
EC3D  D         35.2155         57.3818       1269.7622        4991.5691
ID1D  U         32.5347         37.9849        333.1162         359.3357
#
119   736057.3563382   -129.9900   45.9452   0.49
 1080447     736041.3220787  -129.9902    45.9453    0.493
AS1A  U         29.9668         31.5150        172.8508         486.0538
AS2A  D         31.7397         43.4691        293.8721         225.2703
CC1A  U         30.4946         23.3434        338.8042         800.7497
EC1A  D         31.3593         22.7786        773.1526        2273.5068
EC2A  D         23.5079         26.1623        670.8614        1863.2546
EC3A  D         22.1554         37.1723        727.3287        4418.3104
ID1A  U         44.0107         25.9305        221.9206         234.1195
 1097025     736049.7231306  -129.9900    45.9453    0.500
AS1B  U         38.1466         41.3809        381.4556        1043.3299
AS2B  D         27.6739         45.1859        618.7908         507.8597
CC1B  U         40.7795         31.0857        459.3399        1454.2679
EC1B  D         29.6760         35.1875       1753.0365        4231.2518
EC2B  D         28.5019         36.9950       1182.4359        3471.7946
EC3B  D         33.3988         63.9953       1230.6100        7863.2019
ID1B  U         47.6522         35.6269        370.1513         378.3067
 1118605     736061.0477140  -129.9901    45.9451    0.493
AS1C  U         26.2883         28.5334        179.2788         415.2137
AS2C  D         38.6729         26.1444        184.7212         303.1200
CC1C  U         39.6320         28.6391        323.4606         859.8712
EC1C  D         38.0824         29.2835        828.9564        1852.9857
EC2C  D         20.6769         33.6857        722.5236        2305.1243
EC3C  D         32.5671         33.9680        463.7469        3687.1689
ID1C  U         25.2914         31.6461        198.9859         211.1449
 1118615     736061.0487823  -129.9900    45.9451    0.491
AS1D  U         43.5550         35.6909       3235.8304        8854.8532
AS2D  D         43.8841         45.0780       2507.2650        5320.5035
CC1D  U         65.4475         42.9005       5041.2388       14499.1147
EC1D  D        105.8292        381.9103      13135.0483       28993.7991
EC2D  D         85.2341        249.3192      10198.1817       40810.4962
EC3D  D         74.5900        249.8435       9213.6750       67967.8604
ID1D  U         42.3056         27.7230       3386.6635        3893.5201
 1135682     736073.6399854  -129.9898    45.9451    0.480
AS1E  U         37.3818         30.9166       1085.5607        2649.8584
AS2E  D         29.0690         32.6352       1311.3316        1600.3230
CC1E  U         32.7815         25.8993       2054.5025        5162.6374
EC1E  D         27.7952         36.1877       4499.7772       10373.0833
EC2E  D         19.9822         31.0961       3759.4237       13079.7447
EC3E  D         27.8631         55.7173       3828.1647       21905.3225
ID1E  U         61.9050         37.2117        990.0535        1140.2192
*
