0	2.05327
0.05	2.21846
0.1	2.40479
0.15	2.66361
0.2	2.93358
0.25	3.16962
0.3	3.3994
0.35	3.57966
0.4	3.74921
0.45	3.90959
0.5	4.06768
0.55	4.24792
0.6	4.43448
0.65	4.61887
0.7	4.80255
0.75	4.95359
0.8	5.09277
0.85	5.19392
0.9	5.27963
0.95	5.32719
1	5.35752
1.05	5.41843
1.1	5.49463
1.15	5.58257
1.2	5.67697
1.25	5.75426
1.3	5.82114
1.35	5.84772
1.4	5.84743
1.45	5.86979
1.5	5.90872
1.55	5.96093
1.6	6.02377
1.65	6.05409
1.7	6.05597
1.75	6.0487
1.8	6.03268
1.85	6.01017
1.9	5.98088
1.95	5.95822
2	5.94316
2.05	5.91399
2.1	5.86719
2.15	5.84381
2.2	5.85249
2.25	5.85177
2.3	5.83695
2.35	5.82585
2.4	5.82087
2.45	5.80882
2.5	5.78397
2.55	5.75676
2.6	5.72482
2.65	5.69717
2.7	5.67899
2.75	5.66574
2.8	5.66461
2.85	5.6649
2.9	5.66913
2.95	5.67441
3	5.68291
3.05	5.69172
3.1	5.70162
3.15	5.71195
3.2	5.72394
3.25	5.73684
3.3	5.75393
3.35	5.77119
3.4	5.78938
3.45	5.80687
3.5	5.81983
3.55	5.83334
3.6	5.85139
3.65	5.86833
3.7	5.87387
3.75	5.87999
3.8	5.89426
3.85	5.9086
3.9	5.92432
3.95	5.94
4	5.95406
40	8.2
