#
100   736053.8127005   -129.9805   45.9374   1.44
 1130735     736068.9813870  -129.9805    45.9374    1.423
AS1A  U         31.9124         28.5550        315.2567         521.7074
AS2A  U         25.1742         28.7293        208.6293         138.6218
CC1A  U          1.0000          1.0000          1.0000           1.0000
EC1A  D         22.5166         32.0937        164.6494         923.1363
EC2A  D         23.4295         37.6835        241.6620         466.1419
EC3A  D         43.4642        114.4826       1526.5990        8115.3169
ID1A  U         48.7255         37.9052        266.1473         365.3229
 1130741     736068.9824352  -129.9805    45.9373    1.432
AS1B  U         36.8093         81.3782        270.1687        1025.0408
AS2B  U         33.5756         28.5997        383.4030         278.0402
CC1B  U          1.0000          1.0000          1.0000           1.0000
EC1B  D         37.0620         50.0581        304.0079        1840.0530
EC2B  D         35.7131         83.1212        290.1455         811.7087
EC3B  D         41.4131        155.4834       2964.4284       15636.2685
ID1B  U         56.4239         54.1442        581.9240         700.5919
 1094906     736048.6105218  -129.9805    45.9373    1.438
AS1C  U         29.0153         32.9384        234.7295         830.9998
AS2C  U         31.6662         29.5485        324.8833         243.1475
CC1C  U          1.0000          1.0000          1.0000           1.0000
EC1C  D         38.9610         32.8530        244.3198        1410.2566
EC2C  D         29.0534         29.1529        230.6521         762.8820
EC3C  D         48.5914         42.5965       2471.8148       13107.8599
ID1C  U         40.6415         32.5701        406.9231         581.0769
 1131041     736069.1099034  -129.9805    45.9373    1.428
AS1D  U         35.7883         36.3528        471.5983        1740.8608
AS2D  U         39.3653         37.6880        628.6977         478.2199
CC1D  U          1.0000          1.0000          1.0000           1.0000
EC1D  D         33.7371         43.3718        494.8867        3159.7477
EC2D  D         39.4331         54.2293        486.2792        1615.4195
EC3D  D         25.2087         84.8053       5125.6124       27225.6724
ID1D  U         55.7957         33.1557        907.4034        1249.6091
 1034933     735998.0818806  -129.9805    45.9375    1.454
AS1E  U         36.8518         35.8193        161.6810         482.2960
CC1E  U         32.3306         56.1786         69.8107         197.0382
EC1E  D         22.1769         26.3351        128.8036         746.5537
EC2E  D         28.7594         28.5214        107.9508         359.4253
EC3E  D         37.8703         46.2378       1277.2976        6627.0076
ID1E  U         49.5220         35.2198        224.3199         326.4180
 1131042     736069.1100750  -129.9803    45.9376    1.441
AS1F  U         33.5520         36.0582        411.8360        1498.9186
AS2F  U         25.1669         32.7332        542.8318         405.9838
CC1F  U          1.0000          1.0000          1.0000           1.0000
EC1F  D         31.1984         25.8187        421.2156        2619.9465
EC2F  D         41.3891         23.6039        363.5145        1187.7711
EC3F  D         25.0096         54.5087       4332.9978       22395.6928
ID1F  U         29.9281         26.8820        711.4774        1027.3422
#
101   736044.3103924   -129.9916   45.9466   0.47
 1110728     736057.0522901  -129.9916    45.9465    0.467
AS1A  U         32.1850         33.4558         95.9203         246.6606
AS2A  D         32.3741         29.5753        174.0013         114.4014
CC1A  U         25.3027         31.5806        372.5501         459.3568
EC1A  D         23.1883         36.7813        320.5875        2241.9305
EC2A  U         34.1725         29.0746        257.2316        1522.1140
EC3A  U         29.1264         72.3727        255.8004         831.8509
 1058614     736026.4537133  -129.9917    45.9466    0.465
AS1B  U         26.0650         49.2911        123.7734         324.9018
AS2B  D         42.3316         43.5383        161.2561         160.7843
CC1B  U         31.4153         21.7923        487.1332         651.2732
EC1B  D         37.0702         26.3777        329.3088        2667.0757
EC2B  U         37.8899         29.7966        252.4545        1557.5657
EC3B  U         28.0907         47.8146        263.4454         934.2672
 1105538     736054.2400347  -129.9916    45.9466    0.464
AS1C  U         30.7577         39.0171        130.8571         360.1810
AS2C  D         41.7606         49.0966        207.2697         194.3532
CC1C  U         65.4216         58.9495        505.5168         652.5648
EC1C  D         45.6385        283.0669        341.9378        3166.1973
EC2C  U         27.3588        155.5223        357.0024        1862.3827
EC3C  U         50.8846        105.0635        342.8289        1039.8477
 1127279     736066.4369326  -129.9916    45.9466    0.468
AS1D  U         35.6011         37.8691        138.2728         286.6418
AS2D  D         48.8058         33.3131        155.3653         164.9628
CC1D  U         53.9361         34.9549        412.0462         527.9230
EC1D  D         38.2789         52.6730        288.3911        2440.0006
EC2D  U         37.0900         34.4745        244.7183        1570.5179
EC3D  U         32.6603         51.8407        290.3788         835.0833
 1059610     736028.0488939  -129.9915    45.9465    0.475
AS1E  U         19.8401         22.5793         86.7955         272.2304
AS2E  D         32.0300         34.7284        113.2411         120.5719
CC1E  U         15.1611         18.6334        328.5690         464.6417
EC1E  D         23.1452         18.8624        252.3998        2008.3104
EC2E  U         19.5134         19.5828        186.8847        1132.4228
EC3E  U         21.7794         35.1882        165.7062         572.8089
 1065449     736033.6304899  -129.9916    45.9465    0.472
AS1F  U         43.0665         45.5925         77.4707         272.0948
AS2F  D         34.7607         35.9142        123.5113         130.3650
CC1F  U         39.1800         35.1387        336.3518         460.4037
EC1F  D         46.4321         40.1185        284.5636        2019.3259
EC2F  U         40.0828         40.4783        188.9159        1113.1884
EC3F  U         35.4443         68.5368        171.9728         588.6544
#
102   736046.7824777   -129.9924   45.9471   0.43
 1058279     736026.0682846  -129.9924    45.9471    0.438
AS1A  U         32.2978         27.4320        187.3229         333.1354
AS2A  D         33.6082         26.4627        258.5354         261.1793
CC1A  U         29.1814         31.7766        563.2083         930.2296
EC1A  D         26.0983         31.8675        756.9343        2441.3546
EC2A  U         24.6475         22.7332        195.5021         897.2833
EC3A  U         33.9892         45.2507        359.2696        1477.9284
 1084413     736044.0394231  -129.9925    45.9471    0.435
AS1B  U         33.0941         34.6806        161.9858         293.2528
AS2B  D         26.7707         38.2894        261.9832         245.9043
CC1B  U         44.9324         41.2592        437.6218         806.2594
EC1B  D         24.8843         63.4149        701.1500        2261.4549
EC2B  U         27.1060         24.7431        192.8925         809.6996
EC3B  U         32.1727         37.3709        360.9920        1447.7387
 1086431     736045.0395054  -129.9924    45.9472    0.416
AS1C  U         33.0886         35.6691         66.6630         120.8052
AS2C  D         30.1511         36.8655         96.4916          96.8200
CC1C  U         23.3182         51.8315        176.8045         283.3843
EC1C  D         25.4569         45.9979        242.3457         821.8304
EC2C  U         25.7308         36.3426         75.3830         291.1245
EC3C  U         29.0273         52.1112        127.0690         575.8375
 1127425     736066.6641513  -129.9924    45.9472    0.432
AS1D  U         35.1493         33.4915        238.2684         445.5208
AS2D  D         34.3740         26.7775        309.2210         335.1001
CC1D  U         37.8409         35.3777        799.7088        1195.3272
EC1D  D         39.8586         33.6405       1040.2528        3012.4756
EC2D  U         28.2563         29.5544        286.1110        1269.1770
EC3D  U         40.4847         46.7473        501.5819        2202.7784
 1089037     736046.1262705  -129.9924    45.9471    0.434
AS1E  U         50.0607         46.4065        220.8450         415.5670
AS2E  D         37.9337         35.0710        333.3193         327.4642
CC1E  U         46.3062         53.1552        735.0078        1178.1187
EC1E  D         37.2040         54.9592        980.0489        3052.8015
EC2E  U         35.5273         44.5324        268.2056        1182.6927
EC3E  U         56.7391         75.9999        471.5558        1891.1071
 1101825     736052.7572315  -129.9924    45.9471    0.435
AS1F  U         38.3885         40.7876        220.9049         411.9328
AS2F  D         38.0858         35.3212        312.5910         333.7756
CC1F  U         37.3093         38.0752        772.7234        1164.6442
EC1F  D         39.2370         53.3733       1015.1345        3019.6922
EC2F  U         23.2870         29.9090        307.1633        1156.0417
EC3F  U         59.9011         55.3798        526.6999        2284.4585
#
103   736054.2000247   -130.0199   45.9419   0.91
 1057859     736025.5527241  -130.0196    45.9420    0.882
AS1A  U         44.9264         50.8292        423.8722         856.6706
AS2A  D         36.6594         34.5833        950.8348        1252.9422
CC1A  U         39.9585         54.2124        350.8611         586.4643
EC1A  U         35.7913         37.8960        292.7018         788.5657
EC2A  U         27.5866         37.0321        210.8293         836.7699
ID1A  U         61.9754         41.5162        197.3026         242.5052
 1082638     736042.8552511  -130.0203    45.9418    0.938
AS1B  U         29.0523         37.0143        457.5126         833.8860
AS2B  D         31.3977         25.0603        992.3552        1350.2038
CC1B  U         23.3881         36.8297        324.8987         612.0023
EC1B  U         19.8602         33.3932        333.8115         821.5484
EC2B  U         33.3824         24.8876        189.4734         957.5916
ID1B  U         31.4104         26.4202        203.0553         223.2856
 1126928     736066.0715187  -130.0199    45.9419    0.899
AS1C  U         45.0378         41.4414        532.9178        1015.8090
AS2C  D         36.1192         44.2278       1182.8990        1649.8092
CC1C  U         52.3892         51.8253        470.3401         966.8205
EC1C  U         41.0465         40.4140        400.0578         973.1817
EC2C  U         37.6254         36.2572        260.7087        1109.0372
ID1C  U         43.3253         30.5187        278.0440         271.1603
 1113036     736058.1841551  -130.0200    45.9418    0.927
AS1D  U         30.1590         27.4946        546.9529        1053.5339
AS2D  D         38.1064         38.9062       1244.0598        1684.9838
CC1D  U         20.2151         28.3335        379.3366         825.9994
EC1D  U         21.0452         28.1712        402.5123        1111.5047
EC2D  U         29.1499         26.3624        211.3968        1150.4999
ID1D  U         28.5275         29.2964        238.4604         288.8457
 1127105     736066.2633105  -130.0197    45.9419    0.895
AS1E  U         82.3004        104.3006        952.9649        1703.2277
AS2E  D         80.0641         91.9839       2151.2384        2880.3394
CC1E  U         95.2298         74.8069        693.9438        1393.2589
EC1E  U         75.7465         80.6480        672.6527        1771.9462
EC2E  U         70.2466         65.0059        412.8974        1830.0326
ID1E  U         62.7102         81.9393        406.2886         461.4749
 1127110     736066.2731887  -130.0201    45.9420    0.919
AS1F  U         44.6365         42.1971        486.6360         977.4649
AS2F  D         35.7638         40.2740       1093.5967        1434.8950
CC1F  U         40.8060         32.8156        368.4267         618.9128
EC1F  U         38.9880         40.2741        315.4437         933.0684
EC2F  U         36.6467         36.1165        233.5498         968.5575
ID1F  U         48.9167         34.7980        232.9593         285.4822
#
104   736035.6725597   -129.9784   45.9338   1.49
 1049723     736016.1435290  -129.9786    45.9339    1.487
AS1A  U         28.0864         27.0912        200.4213         571.5661
AS2A  U         37.0844         33.9770        226.1572         118.7601
EC1A  D         26.2532         38.3339        195.1600         962.7844
EC2A  D         25.2212         24.1550        347.9862        1479.2407
EC3A  D         29.3965         50.4848       1417.6642        9036.5568
ID1A  U         31.7097         31.0064        664.1043         827.5957
 1067565     736034.6065783  -129.9778    45.9330    1.511
AS1B  U         45.5683         56.9282        315.2534         943.5408
AS2B  U         33.0811         42.8887        336.6083         200.0514
CC1B  D          1.0000          1.0000          1.0000           1.0000
EC1B  D         29.7953         53.8574        273.3948        1433.7644
EC2B  D         37.3133         61.3349        468.8692        2552.8816
EC3B  D         90.6945        326.8475       2380.4859       14407.4923
ID1B  U         66.8892         58.2795       1113.3260        1319.1150
 1088183     736045.6916503  -129.9785    45.9340    1.488
AS1C  U         81.3044        128.9955       1032.7653        3110.7107
AS2C  U         54.8202         69.8571        824.4703         664.5294
CC1C  D          1.0000          1.0000          1.0000           1.0000
EC1C  D         92.8477        196.7092        932.3221        4943.7963
EC2C  D        134.6731        182.4869       1579.7299        6754.5119
EC3C  D        170.0335        444.9913       7174.1863       42754.9899
ID1C  U         70.2362         88.5750       3498.2763        4354.7573
 1077190     736039.7478852  -129.9784    45.9340    1.497
AS1D  U         73.8653         35.0581        699.7890        1889.6993
AS2D  U         43.4513         42.1405        513.8822         417.5821
CC1D  D          1.0000          1.0000          1.0000           1.0000
EC1D  D         43.3137         54.1225        594.8303        3043.2035
EC2D  D         79.0720        113.1035       1088.0217        4596.0072
EC3D  D        157.6351        880.8698       4502.5742       27682.5981
ID1D  U         99.6846        107.6943       2162.9386        2557.7029
 1057302     736024.9370069  -129.9787    45.9339    1.474
AS1E  U         58.5279         77.4513        626.4042        1794.7025
AS2E  U         41.3885         37.6994        546.2663         406.2762
CC1E  D          1.0000          1.0000          1.0000           1.0000
EC1E  D         22.5497         64.2934        657.0884        2727.3584
EC2E  D         43.5803         78.2889       1098.5507        4424.6833
EC3E  D         80.1441        316.6363       4857.0446       27011.6903
ID1E  U         52.0123         48.6126       2068.7219        2476.4074
 1102327     736052.9087088  -129.9786    45.9340    1.479
AS1F  U         34.8996         24.3713        278.2440         729.6282
AS2F  U         31.0502         28.5476        225.6174         167.5613
CC1F  D          1.0000          1.0000          1.0000           1.0000
EC1F  D         33.5186         20.2375        281.8936        1266.5370
EC2F  D         28.0743         31.0884        467.8127        1878.0160
EC3F  D         34.6022         76.8011       2248.0857       11388.0126
ID1F  U         46.2688         22.8004        840.2275        1013.9191
#
105   736042.8968879   -130.0193   45.9355   1.25
 1066779     736034.0162697  -130.0190    45.9354    1.243
AS1A  U         38.6596         42.0442        148.7757         363.5864
AS2A  U         26.3940         50.3368        736.0329        1337.4777
CC1A  U         38.4355         32.8036        117.9656         243.1407
EC1A  U         39.2355         27.0742        150.7780         588.1653
EC2A  U         31.0687         39.6966        119.1650         630.0272
EC3A  U         53.4175         45.9517        166.0733         573.2331
 1077939     736039.9948504  -130.0191    45.9353    1.260
AS1B  U         40.0554         29.6790        191.4285         489.1268
AS2B  U         36.2461         35.1379        919.4871        1782.8590
CC1B  U         39.0486         25.5524        133.5792         265.0554
EC1B  U         32.6776         21.6845        210.3348         804.9385
EC2B  U         30.3086         19.9312        163.5303         887.1527
EC3B  U         36.1366         42.6171        205.2952         824.1435
ID1B  D          1.0000          1.0000          1.0000           1.0000
 1096240     736049.1723221  -130.0193    45.9356    1.254
AS1C  U         33.6848         40.9785        161.3659         380.2922
AS2C  U         28.6051         33.6471        754.9390        1352.9872
CC1C  U         23.8307         30.9116        126.4434         231.4445
EC1C  U         29.8934         29.5356        158.2995         591.9051
EC2C  U         28.0392         25.9906        116.0155         656.5674
EC3C  U         26.3295         35.3252        141.0947         603.8924
 1073218     736037.0160864  -130.0192    45.9352    1.242
AS1D  U         64.9840         75.2285        393.1059        1086.4817
AS2D  U         65.5184         87.6082       2165.4924        3807.3651
EC1D  U         67.9163        151.9347        436.5833        1596.6255
EC2D  U         48.7109         90.6039        321.0468        1746.3404
EC3D  U         79.9376        275.8453        410.2271        1634.3843
ID1D  D         58.4556         54.9031        152.7015         217.3738
 1096033     736048.9712302  -130.0194    45.9354    1.221
AS1E  U         36.3634         40.7527        299.0199         744.3621
AS2E  U         27.0966         53.1795       1331.7828        2662.6170
CC1E  U         37.9869         38.4604        214.0897         418.2363
EC1E  U         36.8194         43.8396        299.5840         984.6381
EC2E  U         50.0512         34.4332        187.4889        1082.8462
EC3E  U         45.4538         57.0593        262.8863        1021.3237
 1080847     736041.9005907  -130.0191    45.9356    1.247
AS1F  U         31.9847         43.2292        245.9453         589.7270
AS2F  U         31.3660         45.7736       1178.0523        2128.9221
CC1F  U         23.1009         31.4915        173.6514         364.5954
EC1F  U         30.6583         29.8391        260.5037         948.2790
EC2F  U         28.8055         28.9452        198.5315        1061.5455
EC3F  U         26.5738         45.4899        240.6894         985.1656
 1096280     736049.2068658  -130.0197    45.9359    1.264
AS1G  U         35.8819         33.8568        163.8416         378.1297
AS2G  U         40.4436         33.2223        536.3861        1380.2120
CC1G  U         37.0676         31.5872        108.6929         262.5998
EC1G  U         28.9873         29.4030        192.6873         663.7070
EC2G  U         24.4349         28.0528        173.1539         858.6003
EC3G  U         36.2579         59.9398        176.9638         798.8769
#
106   736053.1707831   -130.0203   45.9406   1.12
 1062355     736031.8389597  -130.0203    45.9400    1.096
AS1A  U         32.8427         25.9148        305.9474         497.9246
AS2A  D         30.2084         31.2763       1063.7278        1041.4495
EC1A  U         41.4619         57.9672        147.3487         462.5815
EC2A  U         24.2349         25.2488        271.5126        1264.6074
EC3A  D         36.7984         39.2034        946.3784        5957.4481
ID1A  U         25.3153         20.5340        125.6193         117.6956
 1103384     736053.5339772  -130.0201    45.9412    1.092
AS1B  U         31.1652         43.7094        790.8790        1476.2996
AS2B  D         39.9067         34.1828       1739.9942        1701.2996
CC1B  U         34.9239         30.6633        680.7573        1034.6090
EC1B  U         29.6104         32.2235        452.7798        1343.1721
EC2B  U         33.0644         30.5517        516.9656        1592.4261
ID1B  U         68.1709         48.7793        326.4918         365.6764
 1108021     736055.4387675  -130.0201    45.9407    1.101
AS1C  U         29.4153         24.3264        536.0364         968.5498
AS2C  D         31.6788         28.2078       1120.5634        1298.7548
CC1C  U         32.7779         28.9895        428.3629         629.1135
EC1C  U         32.3902         29.8820        267.6075         876.8438
EC2C  U         30.7726         33.9047        369.2191        1197.9402
ID1C  U         43.6202         25.9879        188.3604         234.8464
 1117495     736060.6254839  -130.0205    45.9405    1.141
AS1D  U         27.9986         31.0633        716.5084        1397.2779
AS2D  D         19.0328         27.4328       2086.9028        2124.3675
CC1D  U         26.9785         32.2440        479.9977         890.5587
EC1D  U         29.9231         23.3742        341.4607        1206.2013
EC2D  U         29.7642         23.4314        544.8415        1814.8400
ID1D  U         32.7624         29.3573        225.2656         338.7173
 1077398     736039.8507519  -130.0202    45.9406    1.120
AS1E  U         28.1802         52.9341        905.6854        1660.2919
AS2E  D         43.8845         37.6755       2383.7168        2548.7454
CC1E  U         37.5594         56.5823        718.1449        1082.4839
EC1E  U         28.5561         35.4231        435.1171        1514.7124
EC2E  U         18.7556         26.6734        658.2202        2209.5038
ID1E  U         35.1882         36.5536        302.9272         400.7735
 1140610     736077.7367585  -130.0204    45.9405    1.144
AS1F  U         72.4945         64.0786       1124.8234        2043.7250
AS2F  D         50.9164         68.3116       2808.7416        3098.0152
CC1F  U         43.5478         47.7584        754.9933        1152.8175
EC1F  U         60.0567         82.0813        515.5814        1839.2006
EC2F  U         53.7006         64.0124        748.7308        2602.5244
ID1F  U         59.2095         49.0624        358.7784         507.6859
#
107   736051.1729664   -130.0112   45.9411   0.45
 1102288     736052.9018995  -130.0109    45.9410    0.429
AS1A  U         31.9347         33.4770        324.0409         710.0022
AS2A  D         43.5305         47.3607       1614.1458        2028.5054
CC1A  U         31.3980         38.4486        194.1979         389.5812
EC1A  U         42.5134         34.5075        283.1978         972.3813
EC2A  U         46.6857         26.5643        503.2215        2534.5395
EC3A  D         50.6871         57.4417        847.0819        4431.8679
 1073083     736036.9423007  -130.0113    45.9413    0.481
AS1B  U         38.0172         41.6981        401.7421         817.9770
AS2B  D         40.2108         43.1152       1101.1922        1374.3135
CC1B  U         42.9041         51.9052        384.6014         683.2497
EC1B  U         31.1449         38.5127        273.3547         823.5713
EC2B  U         34.1465         35.1693        349.5143        1735.5720
EC3B  D         30.6271         39.3155        626.1073        5970.9175
 1078091     736040.0759126  -130.0112    45.9413    0.457
AS1C  U         39.0537         33.7813        362.9996         712.4253
AS2C  D         27.7925         38.5868        915.3647        1295.0495
CC1C  U         47.2700         34.5334        337.9189         645.6534
EC1C  U         25.7037         26.1195        223.8879         730.9464
EC2C  U         17.0663         27.5406        285.8831        1539.4410
EC3C  D         37.3042         41.0648        562.6743        4904.0572
 1080663     736041.5729398  -130.0120    45.9415    0.444
AS1D  U         40.2064         52.2901        486.8567        1182.1761
AS2D  D         67.9132         63.7203       1679.2276        2109.1025
CC1D  U          1.0000          1.0000          1.0000           1.0000
EC1D  U         54.0615         62.7476        447.0231        1149.8403
EC2D  U         48.4842         47.0900        459.7199        2487.2630
EC3D  D         69.4461         96.0467       1427.6781       10304.5784
ID1D  U         52.1873         51.2942        168.6101         202.5124
 1127133     736066.3139169  -130.0108    45.9407    0.439
AS1E  U         61.0117         61.8293        339.4090         664.8835
AS2E  D         47.4360         52.7720       1470.1483        2056.8047
CC1E  U         49.8397         64.0911        245.8576         457.4436
EC1E  U         37.0934         44.6514        322.1124        1058.4141
EC2E  U         37.7290         43.3342        422.5764        2251.1049
EC3E  D         47.1269         87.3554        517.4832        3135.3196
ID1E  U          1.0000          1.0000          1.0000           1.0000
 1131156     736069.2308286  -130.0112    45.9408    0.452
AS1F  U         28.1397         35.2810        181.1279         373.4585
AS2F  D         31.3338         39.5057        896.0495        1019.0204
CC1F  U         25.4220         35.0661         97.2149         234.4930
EC1F  U         28.3233         20.2630        152.8463         487.7207
EC2F  U         25.6178         22.7546        223.2986        1231.8855
EC3F  D         35.7677         64.7462        278.2995        1752.9833
#
108   736046.9054907   -129.9892   45.9423   0.53
 1030553     735995.0424835  -129.9895    45.9425    0.522
AS1A  U         70.8953         71.7007        376.1789        1256.6228
AS2A  D        118.5020        146.2987        545.8451         624.1426
CC1A  U         79.2897        153.8814        551.8364         618.2459
EC1A  D         68.8622        117.6276        721.4692        3546.6124
EC2A  D         89.0814         92.6176        618.0687        3021.3186
EC3A  D         87.9197        142.2272        950.9105        5807.2701
 1072561     736036.8058956  -129.9898    45.9424    0.514
AS1B  U         37.8766         29.3245        215.1900         800.0939
AS2B  D         22.2521         37.3272        296.4107         328.5661
CC1B  U          1.0000          1.0000          1.0000           1.0000
EC1B  D         22.1251         22.6182        411.9840        1710.8736
EC2B  D         23.2704         26.5896        409.5605        1637.7741
EC3B  D         25.2791         48.1899        597.5619        2806.6040
ID1B  U         36.7670         33.5576        163.2731         202.0503
 1119023     736061.1247842  -129.9893    45.9422    0.531
AS1C  U         30.2979         33.6569        251.7609         683.2604
AS2C  D         28.8538         30.0710        254.0174         283.6915
CC1C  U          1.0000          1.0000          1.0000           1.0000
EC1C  D         42.6821         44.7845        288.6096        1804.4615
EC2C  D         27.2185         61.7786        313.6261        1475.5495
EC3C  D         30.8932         95.8160        480.9625        2633.9854
ID1C  U         30.3523         25.7272        173.6914         176.1235
 1100864     736051.9393051  -129.9885    45.9424    0.530
AS1D  U         36.2949         33.0739        107.3237         321.8971
AS2D  D         51.8391         48.0255        129.1400         145.6006
CC1D  U         51.1931         50.0804        124.9425          72.2955
EC1D  D         34.2300         44.3157        108.3337         713.8790
EC2D  D         26.1303         33.9037        178.2583         777.6073
EC3D  D         31.1094         49.4925        303.0284        1471.7328
 1119104     736061.1439858  -129.9892    45.9421    0.539
AS1E  U         34.4471         50.2561        721.8877        2055.3028
AS2E  D         44.0884         32.1510        671.1628         805.4386
CC1E  U          1.0000          1.0000          1.0000           1.0000
EC1E  D         40.9503         25.5738       1233.6650        6107.3983
EC2E  D         68.4528         33.6253       1059.0139        5091.0163
EC3E  D         74.4605         61.5725       1690.0224        8587.0614
ID1E  U         35.9423         30.2282        421.5270         451.0782
 1119063     736061.1389598  -129.9892    45.9422    0.547
AS1F  U         52.8049         36.9635        183.8516         580.2643
AS2F  D         36.7302         30.9520        176.3220         232.8383
CC1F  U         21.9978         34.3564        130.0671         104.8153
EC1F  D         37.4937         30.9288        315.5922        1601.9383
EC2F  D         34.6156         35.7445        306.3348        1505.0122
EC3F  D         31.6483         57.0323        469.2595        2588.2795
 1119098     736061.1430208  -129.9892    45.9423    0.530
AS1G  U        143.1701         97.9227       1172.3613        3270.0362
AS2G  D        144.4002         93.0015       1124.7033        1408.4882
CC1G  U         91.8763         85.2285        816.5106         420.9721
EC1G  D        107.5502        250.6447       1605.5856        8766.3952
EC2G  D         81.9242         79.7488       1670.2891        8065.2114
EC3G  D         86.9037        203.6301       2515.3860       14091.2952
ID1G  U          1.0000          1.0000          1.0000           1.0000
#
109   736047.8219186   -130.0113   45.9412   0.45
 1065648     736033.6709965  -130.0116    45.9417    0.420
AS1A  U         32.2441         47.3417         90.7749         175.3716
AS2A  D         35.0039         43.5766        256.8422         305.1055
CC1A  U         45.9971         43.1263         85.1615         167.2220
EC1A  U         22.9254         33.8865         69.5102         182.1080
EC2A  U         41.7512         31.1938         74.2286         324.1865
EC3A  D         47.9135         64.4519        308.7024        1940.7665
 1101757     736052.6874706  -130.0112    45.9411    0.474
AS1B  U         29.9269         39.7214         94.0603         189.9084
AS2B  D         25.2674         50.1859        281.5519         331.3155
CC1B  U         39.6157         29.0018         68.9479         136.0023
EC1B  U         30.9101         32.7848         57.8455         185.4805
EC2B  U         23.8490         31.9246        104.6340         493.3891
EC3B  D         32.4536         55.6174        190.4924        1400.4807
 1071504     736036.1684539  -130.0112    45.9414    0.457
AS1C  U         38.4234         32.6978         94.0908         181.3999
AS2C  D         26.9591         62.4733        317.6977         354.6283
CC1C  U         35.8600         20.4870        113.0011         184.1424
EC1C  U         38.9710         34.8274         81.9300         203.7097
EC2C  U         37.9781         19.3373         86.9995         392.3096
EC3C  D         28.2908         46.6635        181.0666        1633.1653
 1111214     736057.2866732  -130.0110    45.9412    0.451
AS1D  U         37.4706         56.0638        131.3824         212.3894
AS2D  D         36.4065         26.2666        393.7640         629.7857
CC1D  U         33.9626         35.9356        127.8359         256.5219
EC1D  U         26.5192         34.6194         90.9457         279.3946
EC2D  U         33.1699         37.1791        153.4506         665.4158
EC3D  D         54.8897         74.1585        373.1059        1807.0868
 1080221     736041.1464622  -130.0112    45.9410    0.443
AS1E  U         25.1968         35.4652        193.0961         348.9624
AS2E  D         36.2184         32.9584        697.0526         800.6803
CC1E  U         28.1058         22.8289        119.4799         264.4951
EC1E  U         23.2862         30.1182        120.6508         360.7356
EC2E  U         17.7496         26.1725        197.7208        1139.6712
EC3E  D         33.5040         40.8757        430.6845        2433.0307
 1075355     736038.4386016  -130.0114    45.9411    0.447
AS1F  U         29.2749         32.0003        233.4222         408.6595
AS2F  D         43.5942         27.5197        943.6673        1019.7261
CC1F  U         35.7350         33.3473        146.4416         320.2668
EC1F  U         17.5737         27.9890        115.4670         409.9268
EC2F  U         36.3166         20.9824        254.9934        1367.1909
EC3F  D         24.3148         41.1182        558.5124        3183.5366
 1137828     736075.3547721  -130.0113    45.9411    0.444
AS1G  U         28.3477         34.5703        315.0737         540.6962
AS2G  D         37.7977         38.3724       1327.0806        1365.7593
CC1G  U         26.5548         50.0142        211.6562         406.7578
EC1G  U         29.5789         32.9656        163.9846         554.1080
EC2G  U         29.8571         23.0693        345.4573        1855.2219
EC3G  D         29.2086         40.9042        789.3267        4454.3402
*
